1733727995940 67.2056577205658 1
1733728095387 65.44315433502197 2
1733728195177 65.23328971862793 3
1733728294814 65.44836330413818 4
1733728394145 65.27121686935425 5
1733728493650 65.46664524078369 6
1733728592830 65.30818390846252 7
1733728691806 65.10080647468567 8
1733728791354 65.33709359169006 9
1733728890679 65.32957887649536 10
1733728990172 65.39778995513916 11
1733729090056 65.60803747177124 12
1733729189812 65.59487652778625 13
1733729289415 65.52124261856079 14
1733729388902 65.49074864387512 15
1733729488515 65.49307894706726 16
1733729587736 65.30435538291931 17
1733729687318 65.38576984405518 18
1733729786845 65.36837530136108 19
1733729886455 65.44777774810791 20
1733729986011 65.417884349823 21
1733730085351 65.36685991287231 22
1733730184625 65.3238799571991 23
1733730283964 65.30824255943298 24
1733730383230 65.2666916847229 25
1733730482631 65.3176805973053 26
1733730581727 65.14838981628418 27
1733730680969 65.33771109580994 28
1733730780342 65.26697325706482 29
1733730879567 65.27222013473511 30
1733730978938 65.32502293586731 31
1733731078265 65.31543397903442 32
1733731177364 65.19880151748657 33
1733731276598 65.35304284095764 34
1733731375805 65.2916693687439 35
1733731474857 65.26304864883423 36
1733731574109 65.24745678901672 37
1733731673731 65.39064764976501 38
1733731773561 65.56189107894897 39
1733731873463 65.53250503540039 40
1733731973139 65.53444838523865 41
1733732072711 65.38559293746948 42
1733732172343 65.52794146537781 43
1733732271984 65.35818862915039 44
1733732371673 65.56501626968384 45
1733732471313 65.53396344184875 46
1733732571029 65.60354995727539 47
1733732670549 65.41709113121033 48
1733732769821 65.33638310432434 49
1733732868899 65.21307849884033 50
1733732968275 65.35245442390442 51
1733733067891 65.51868605613708 52
1733733167678 65.56343460083008 53
1733733267496 65.62862300872803 54
1733733367340 65.5672218799591 55
1733733466973 65.5423572063446 56
1733733566610 65.53940224647522 57
1733733666137 65.39813709259033 58
1733733765702 65.35914254188538 59
1733733865143 65.4919855594635 60
1733733964590 65.35265731811523 61
1733734063873 65.27607941627502 62
1733734163129 65.3883969783783 63
1733734262394 65.34021472930908 64
1733734361657 65.27137804031372 65
1733734461034 65.40432548522949 66
1733734560143 65.22353291511536 67
1733734659325 65.16125655174255 68
1733734758601 65.26111054420471 69
1733734857939 65.37232851982117 70
1733734957065 65.22132205963135 71
1733735056076 65.16955852508545 72
1733735155106 65.20978832244873 73
1733735254313 65.15771055221558 74
1733735353369 65.12671709060669 75
1733735452469 65.24628949165344 76
1733735551764 65.24117827415466 77
1733735651651 65.46903896331787 78
1733735750883 65.23431134223938 79
1733735850474 65.65215849876404 80
1733735949542 65.16966724395752 81
