1733727995971 3.3699999999999903 1
1733728095413 7.251666666666665 2
1733728195205 4.069999999999993 3
1733728294840 2.8950000000000102 4
1733728394173 1.9566666666666634 5
1733728493674 2.288333333333341 6
1733728592857 2.4716666666666782 7
1733728691838 2.3516666666666595 8
1733728791378 1.5033333333333303 9
1733728890704 3.788333333333341 10
1733728990204 1.7083333333333286 11
1733729090081 1.605000000000004 12
1733729189839 1.5166666666666657 13
1733729289444 3.166666666666657 14
1733729388927 1.2233333333333292 15
1733729488542 2.066666666666677 16
1733729587765 1.471666666666664 17
1733729687346 1.6183333333333394 18
1733729786879 1.4816666666666691 19
1733729886481 1.6566666666666663 20
1733729986035 3.0349999999999966 21
1733730085376 1.4366666666666674 22
1733730184650 1.490000000000009 23
1733730284001 1.3933333333333309 24
1733730383256 2.1599999999999966 25
1733730482657 1.356666666666655 26
1733730581764 1.7183333333333337 27
1733730680995 1.2049999999999983 28
1733730780367 1.4816666666666691 29
1733730879593 1.3499999999999943 30
1733730978967 1.096666666666664 31
1733731078291 1.1149999999999949 32
1733731177391 1.4849999999999994 33
1733731276626 1.5266666666666708 34
1733731375834 1.4750000000000085 35
1733731474888 1.4966666666666697 36
1733731574136 1.74166666666666 37
1733731673755 1.0600000000000023 38
1733731773586 1.1066666666666691 39
1733731873496 1.538333333333327 40
1733731973165 0.9833333333333343 41
1733732072736 1.1416666666666657 42
1733732172368 0.7750000000000057 43
1733732272008 1.1200000000000045 44
1733732371705 1.144999999999996 45
1733732471340 1.2099999999999937 46
1733732571055 1.0616666666666674 47
1733732670575 1.1116666666666646 48
1733732769847 1.0316666666666663 49
1733732868930 1.1233333333333348 50
1733732968302 0.8166666666666629 51
1733733067918 1.2449999999999903 52
1733733167708 0.9650000000000034 53
1733733267528 0.9083333333333314 54
1733733367371 0.9566666666666634 55
1733733467006 1.1916666666666629 56
1733733566635 1.163333333333341 57
1733733666163 1.193333333333328 58
1733733765725 1.2583333333333258 59
1733733865171 0.7466666666666555 60
1733733964616 1.2150000000000034 61
1733734063904 1.0266666666666708 62
1733734163155 1.1516666666666566 63
1733734262419 1.0433333333333223 64
1733734361691 0.9350000000000023 65
1733734461060 1.1149999999999949 66
1733734560170 1.2099999999999937 67
1733734659351 1.3850000000000051 68
1733734758633 0.9350000000000023 69
1733734857962 1.0750000000000028 70
1733734957089 0.818333333333328 71
1733735056102 0.9699999999999989 72
1733735155132 0.8700000000000045 73
1733735254338 1.3933333333333309 74
1733735353393 1.0433333333333223 75
1733735452493 1.1400000000000006 76
1733735551789 1.0416666666666572 77
1733735651681 0.9566666666666634 78
1733735750907 0.9750000000000085 79
1733735850499 1.0249999999999915 80
1733735949578 0.9350000000000023 81
