1733727995956 0.5202270428419113 1
1733728095401 0.09621537495354811 2
1733728195192 0.07190488430162272 3
1733728294829 0.06626199288666249 4
1733728394160 0.059502417333920796 5
1733728493662 0.057327817519505817 6
1733728592844 0.05282696161568165 7
1733728691820 0.052659157172838846 8
1733728791367 0.05124926062126954 9
1733728890692 0.050216716024279594 10
1733728990189 0.049930426275233426 11
1733729090069 0.049019976182778674 12
1733729189826 0.047489372691512106 13
1733729289431 0.048341863403717676 14
1733729388915 0.04526708231767019 15
1733729488529 0.045789439704020815 16
1733729587749 0.04506314898480972 17
1733729687333 0.04550920290748278 18
1733729786862 0.044254755249867835 19
1733729886468 0.04279866931438446 20
1733729986025 0.043650720607241 21
1733730085364 0.04184029518216848 22
1733730184637 0.04270685527374347 23
1733730283988 0.041951518659790354 24
1733730383244 0.040214795349538326 25
1733730482645 0.04194228060295185 26
1733730581745 0.040679490093886855 27
1733730680982 0.040153157280385494 28
1733730780355 0.038807802188396454 29
1733730879580 0.038683777465422946 30
1733730978953 0.03850887199342251 31
1733731078279 0.03813186534668009 32
1733731177378 0.03740972065627575 33
1733731276612 0.038047594864169754 34
1733731375819 0.03564538525765141 35
1733731474873 0.03674614502638578 36
1733731574123 0.03735629869798819 37
1733731673744 0.035808792334794996 38
1733731773574 0.03579801967193683 39
1733731873480 0.035298834630101916 40
1733731973152 0.035011549803614615 41
1733732072724 0.03453186910152435 42
1733732172357 0.03544932900816202 43
1733732271997 0.036333933824300765 44
1733732371689 0.033463611271977424 45
1733732471327 0.03413371435602506 46
1733732571043 0.03664188324213028 47
1733732670564 0.03221064634819826 48
1733732769835 0.033985029043753945 49
1733732868914 0.0327071750211219 50
1733732968289 0.033378099690377715 51
1733733067906 0.032307807843387125 52
1733733167695 0.03316997245202462 53
1733733267513 0.03154502850174904 54
1733733367356 0.03404645842214425 55
1733733466990 0.03277953636373083 56
1733733566624 0.03391681524080535 57
1733733666151 0.03289440828884641 58
1733733765714 0.03222832995007435 59
1733733865158 0.03293106306865811 60
1733733964605 0.03250041919897 61
1733734063892 0.03376644634008408 62
1733734163143 0.03217231067394217 63
1733734262406 0.03207715732703606 64
1733734361674 0.031944216880947354 65
1733734461049 0.03043261923318108 66
1733734560156 0.03194238197182615 67
1733734659339 0.03175287922869126 68
1733734758618 0.030650344792505106 69
1733734857951 0.031299982023735844 70
1733734957077 0.031345865249633786 71
1733735056090 0.03161863945027192 72
1733735155120 0.031311913996438186 73
1733735254326 0.030396182448168597 74
1733735353381 0.03072521310398976 75
1733735452482 0.03114390427445372 76
1733735551778 0.031150975600630047 77
1733735651670 0.031151268755396207 78
1733735750896 0.030628784882525604 79
1733735850487 0.029359072360396386 80
1733735949558 0.03217914298896988 81
