1733656113583 32.693602561950684 1
1733656165411 31.497931957244873 2
1733656218135 32.40096974372864 3
1733656269985 31.558834314346313 4
1733656322520 32.267476320266724 5
1733656374533 31.629320859909058 6
1733656427316 32.40791177749634 7
1733656479483 31.856194972991943 8
1733656532414 32.49496388435364 9
1733656584190 31.51952815055847 10
1733656637120 32.48908090591431 11
1733656689025 31.60507321357727 12
1733656740832 31.50886631011963 13
1733656793604 32.38757944107056 14
1733656845796 31.698760747909546 15
1733656898806 32.55809187889099 16
1733656952834 33.52614450454712 17
1733657004952 31.717191457748413 18
1733657057690 32.49248433113098 19
1733657109324 31.469093799591064 20
1733657162117 32.438486099243164 21
1733657214003 31.552414417266846 22
1733657266721 32.38538193702698 23
1733657318510 31.476035833358765 24
1733657370683 31.704817295074463 25
1733657423809 32.57208299636841 26
1733657475819 31.6238911151886 27
1733657528756 32.534754514694214 28
1733657581006 31.795782327651978 29
1733657634033 32.55857586860657 30
1733657687005 32.441346406936646 31
1733657738953 31.633002519607544 32
1733657790325 31.22347855567932 33
1733657844241 32.62102723121643 34
1733657897180 32.55478477478027 35
1733657949404 31.697157859802246 36
1733658002178 32.4870388507843 37
1733658054068 31.604363918304443 38
1733658106040 31.607852697372437 39
1733658158755 32.41422891616821 40
1733658210760 31.723034858703613 41
1733658263665 32.53278374671936 42
1733658315700 31.68281650543213 43
1733658368803 32.511680364608765 44
1733658421055 31.756059408187866 45
1733658473989 32.54143452644348 46
1733658526174 31.646268129348755 47
1733658579110 32.50548267364502 48
1733658632249 32.61678099632263 49
1733658684214 31.529411554336548 50
1733658737896 32.392226696014404 51
1733658789730 31.45730447769165 52
1733658841600 31.499831676483154 53
1733658894688 31.80986499786377 54
1733658946644 31.674346208572388 55
1733658999285 31.513940811157227 56
1733659052700 32.69738435745239 57
1733659104945 31.780126810073853 58
1733659158027 32.543723583221436 59
1733659210973 32.24246168136597 60
1733659264368 32.78482985496521 61
1733659317688 32.808534383773804 62
1733659370072 31.794116258621216 63
1733659423526 32.79898118972778 64
1733659476145 31.947051286697388 65
1733659529587 32.65031957626343 66
1733659582902 32.70395231246948 67
1733659636239 31.789659023284912 68
1733659689574 32.729432821273804 69
1733659742838 32.68807029724121 70
1733659795036 31.758516550064087 71
1733659848201 32.7359721660614 72
1733659900320 31.733775854110718 73
1733659953533 32.69974493980408 74
1733660005783 31.78812861442566 75
1733660058928 32.618067026138306 76
1733660111179 31.695613622665405 77
1733660164405 32.64673042297363 78
1733660217704 32.65227651596069 79
1733660270093 31.855708360671997 80
1733660323600 32.83277082443237 81
1733660376122 31.822604179382324 82
1733660429487 32.75771641731262 83
1733660482842 32.75267839431763 84
1733660536073 31.707765102386475 85
1733660589317 32.68997144699097 86
1733660642380 32.54725885391235 87
1733660695398 32.56066560745239 88
1733660751074 32.770031452178955 89
1733660804065 32.560598611831665 90
1733660857127 32.57454514503479 91
1733660910299 32.655930280685425 92
1733660963373 32.54158878326416 93
1733661016071 32.39196228981018 94
1733661069186 32.57079529762268 95
1733661122196 32.558340072631836 96
1733661176830 33.55689358711243 97
1733661230622 32.140806436538696 98
1733661285169 33.662492990493774 99
1733661339220 33.48014283180237 100
1733661393463 33.6714723110199 101
1733661447731 33.32652974128723 102
1733661500236 31.861029148101807 103
1733661553439 32.626152753829956 104
1733661606547 32.628933906555176 105
1733661659691 31.741504669189453 106
1733661712778 32.57366418838501 107
1733661765940 32.675859689712524 108
1733661818063 31.662946939468384 109
1733661870919 31.45452904701233 110
1733661924236 32.524601459503174 111
1733661977128 32.50751614570618 112
1733662028930 31.57916808128357 113
1733662080667 31.468162298202515 114
1733662132829 31.650838375091553 115
1733662185943 32.611796379089355 116
1733662239028 32.601033210754395 117
1733662291335 31.71040987968445 118
1733662345258 32.8544647693634 119
1733662398153 32.54137301445007 120
1733662450276 31.68668484687805 121
1733662503204 32.52583646774292 122
1733662556369 32.55652713775635 123
1733662609325 32.51749658584595 124
1733662661441 31.661433935165405 125
1733662714385 31.51494550704956 126
1733662767524 32.63983726501465 127
1733662819491 31.59572982788086 128
1733662872561 32.55265545845032 129
1733662924880 31.771122932434082 130
1733662977783 32.49214744567871 131
1733663031866 31.67976140975952 132
1733663084192 31.804049968719482 133
1733663137144 32.42177772521973 134
1733663189270 31.637983083724976 135
1733663243423 32.687134981155396 136
1733663296571 32.65145516395569 137
1733663349477 32.519232511520386 138
1733663402500 32.573683738708496 139
1733663454525 31.5232253074646 140
1733663506614 31.71570611000061 141
1733663559244 31.49445152282715 142
1733663611599 31.621193408966064 143
1733663664452 32.356319427490234 144
1733663716543 31.598087787628174 145
1733663768528 31.597713470458984 146
1733663820596 31.637500762939453 147
1733663873499 31.62335443496704 148
1733663927435 33.03157949447632 149
1733663979317 31.56269359588623 150
1733664032004 32.38205909729004 151
1733664084736 31.406379461288452 152
1733664138654 32.50280547142029 153
1733664191588 32.560832262039185 154
1733664243606 31.59924292564392 155
1733664297611 31.88896608352661 156
1733664349826 31.640465259552002 157
1733664402741 32.58480668067932 158
1733664454616 31.56720495223999 159
1733664507457 32.488040924072266 160
1733664559238 31.450252294540405 161
1733664611008 31.419045448303223 162
1733664662896 31.52398681640625 163
1733664715848 31.966611862182617 164
1733664768040 31.752464294433594 165
1733664821056 31.627336025238037 166
1733664874217 32.38529920578003 167
1733664927042 32.1180624961853 168
1733664979016 31.524553775787354 169
1733665031784 31.51609444618225 170
1733665083911 31.597421884536743 171
1733665136596 32.39893913269043 172
1733665188470 31.504790782928467 173
1733665240415 31.593976259231567 174
1733665292255 31.412555694580078 175
1733665346182 32.69273591041565 176
1733665399000 32.456456661224365 177
1733665451982 32.33526635169983 178
1733665504870 31.567447662353516 179
1733665558314 32.577303886413574 180
1733665610501 31.700863122940063 181
1733665663390 32.47902226448059 182
