1733656113587 1.9331029266993205 1
1733656165415 1.3846152176115247 2
1733656218139 1.1013768740971883 3
1733656269988 0.953960486094157 4
1733656322524 0.8481808420393202 5
1733656374537 0.7806525702794392 6
1733656427320 0.7358218731350369 7
1733656479486 0.7051254876454671 8
1733656532418 0.6734049172083537 9
1733656584194 0.655313268661499 10
1733656637123 0.6425217978477478 11
1733656689028 0.6358089276313782 12
1733656740836 0.6207441830211216 13
1733656793607 0.605095839299096 14
1733656845800 0.5953135283999973 15
1733656898810 0.6048788647545709 16
1733656952838 0.5858623840226067 17
1733657004955 0.5894202434857686 18
1733657057694 0.577550321674347 19
1733657109328 0.5797049339824253 20
1733657162121 0.5737328315522936 21
1733657214007 0.5639764744334751 22
1733657266725 0.5675987761391533 23
1733657318513 0.5617055525885688 24
1733657370686 0.5609886955685086 25
1733657423813 0.5606520370589362 26
1733657475822 0.5593891997867161 27
1733657528759 0.5541160288333893 28
1733657581010 0.5513301520665487 29
1733657634037 0.5482467388894823 30
1733657687008 0.5458382577790154 31
1733657738957 0.551205831389957 32
1733657790329 0.5389327499813503 33
1733657844245 0.5439505316098531 34
1733657897184 0.5380783840497335 35
1733657949408 0.545945934592353 36
1733658002182 0.538707537958357 37
1733658054072 0.539305219438341 38
1733658106043 0.533817667224672 39
1733658158759 0.5387989984936185 40
1733658210764 0.5362752910137176 41
1733658263674 0.5345645830578274 42
1733658315703 0.5245879313151042 43
1733658368807 0.5320428207503425 44
1733658421058 0.5278142374250624 45
1733658473993 0.4106328682952457 46
1733658526178 0.3666768695619371 47
1733658579113 0.34882345747417876 48
1733658632253 0.34241466353734334 49
1733658684218 0.329218687110477 50
1733658737899 0.3194326884269714 51
1733658789734 0.31508173730373384 52
1733658841604 0.30800284710990056 53
1733658894692 0.30326151120662687 54
1733658946647 0.29513542846043905 55
1733658999315 0.29150720241864525 56
1733659052704 0.28354032825364006 57
1733659104949 0.2830456085787879 58
1733659158031 0.2768971280203925 59
1733659210977 0.27715853666729395 60
1733659264372 0.2688312254640791 61
1733659317692 0.2660767806424035 62
1733659370075 0.26743095466825695 63
1733659423530 0.2612393645922343 64
1733659476150 0.259587756506602 65
1733659529591 0.25867960823906794 66
1733659582906 0.2574138449456957 67
1733659636243 0.2573475217766232 68
1733659689577 0.24994728543493483 69
1733659742841 0.25127834428151447 70
1733659795040 0.24727448275354175 71
1733659848205 0.2455724034362369 72
1733659900323 0.24311761354340447 73
1733659953537 0.24023568273120458 74
1733660005787 0.2407093808227115 75
1733660058932 0.23434345031579334 76
1733660111183 0.23787640355692968 77
1733660164409 0.2329485990630256 78
1733660217708 0.23024137443701426 79
1733660270097 0.2296913813829422 80
1733660323603 0.2280689337677426 81
1733660376126 0.22212428721321953 82
1733660429491 0.2259220276342498 83
1733660482846 0.22439217358430227 84
1733660536076 0.22124398433367412 85
1733660589320 0.22323079307344224 86
1733660642384 0.22016886290179358 87
1733660695401 0.21738653140068054 88
1733660751078 0.21795744350751242 89
1733660804074 0.21793951429261102 90
1733660857130 0.2154097251123852 91
1733660910308 0.18723463745911917 92
1733660963377 0.17589351999494765 93
1733661016075 0.1720363127734926 94
1733661069190 0.1679064457072152 95
1733661122199 0.16655546646647984 96
1733661176908 0.16594748944309023 97
1733661230702 0.16693849399884542 98
1733661285172 0.16341293894052505 99
1733661339223 0.1625237114018864 100
1733661393466 0.16186991308530171 101
1733661447734 0.1605525786585278 102
1733661500240 0.15859813446866142 103
1733661553442 0.1598415107621087 104
1733661606550 0.15854780238469443 105
1733661659694 0.15729215137958527 106
1733661712782 0.156040074245135 107
1733661765944 0.1564063252766927 108
1733661818067 0.15614085545539855 109
1733661870936 0.1537105203151703 110
1733661924240 0.15312871137724982 111
1733661977131 0.15455828403102026 112
1733662028934 0.15286446921692953 113
1733662080670 0.1504603368785646 114
1733662132833 0.15142936265468598 115
1733662185947 0.1480643304930793 116
1733662239031 0.14889508386850356 117
1733662291338 0.14942015637026893 118
1733662345262 0.1486382613102595 119
1733662398157 0.14834203880098132 120
1733662450280 0.1488939993566937 121
1733662503208 0.1481684113078647 122
1733662556372 0.14747083333333333 123
1733662609328 0.14720332503053876 124
1733662661444 0.14732426404158275 125
1733662714389 0.1467623007827335 126
1733662767528 0.14409596848487854 127
1733662819495 0.14489856543540955 128
1733662872565 0.1422302348057429 129
1733662924884 0.14330147729449802 130
1733662977786 0.14387647278573779 131
1733663031869 0.13880884752406014 132
1733663084195 0.13900367673767938 133
1733663137147 0.14232437861760458 134
1733663189273 0.14171846293608348 135
1733663243427 0.14360156249470182 136
1733663296575 0.13915078012148538 137
1733663349481 0.13613314537472196 138
1733663402504 0.13827942390441894 139
1733663454534 0.136773638425933 140
1733663506618 0.13937975980705686 141
1733663559311 0.134837640592787 142
1733663611612 0.1353064192692439 143
1733663664457 0.137202575996187 144
1733663716548 0.13362288524574703 145
1733663768532 0.13516469622717964 146
1733663820600 0.13467700355450313 147
1733663873503 0.13600434048970542 148
1733663927439 0.13548608356979158 149
1733663979321 0.13504228534168666 150
1733664032009 0.13391785804695552 151
1733664084740 0.1362606117328008 152
1733664138657 0.13503241298463609 153
1733664191593 0.13539304710494146 154
1733664243609 0.13469035520619815 155
1733664297614 0.13579923592805862 156
1733664349829 0.13533274263275993 157
1733664402744 0.13006635337140826 158
1733664454619 0.1347235800133811 159
1733664507460 0.13356637581851746 160
1733664559242 0.13441827455361685 161
1733664611012 0.13286027319696214 162
1733664662899 0.13335477477709454 163
1733664715852 0.13206685211393568 164
1733664768043 0.13248782153659397 165
1733664821107 0.13622645245658027 166
1733664874301 0.13543358125686644 167
1733664927046 0.13456149934795167 168
1733664979020 0.1355498930507236 169
1733665031790 0.13558355291949378 170
1733665083915 0.13333024812274508 171
1733665136599 0.13301443191104464 172
1733665188479 0.13432392939726512 173
1733665240418 0.1328408027013143 174
1733665292310 0.1330159001880222 175
1733665346186 0.1332333398713006 176
1733665399004 0.13158390560150146 177
1733665451987 0.13232427950965034 178
1733665504916 0.13396284970177544 179
1733665558318 0.1312326012823317 180
1733665610505 0.13564488312204678 181
1733665663394 0.13125038286712434 182
