1733656113595 57.01555555555556 1
1733656165423 52.882222222222225 2
1733656218153 37.488888888888894 3
1733656269997 37.92666666666666 4
1733656322533 35.653333333333336 5
1733656374546 32.81555555555555 6
1733656427328 29.22222222222223 7
1733656479494 27.364444444444445 8
1733656532427 26.531111111111116 9
1733656584203 29.188888888888883 10
1733656637132 27.586666666666673 11
1733656689037 26.700000000000003 12
1733656740844 26.357777777777784 13
1733656793616 24.311111111111103 14
1733656845809 27.215555555555554 15
1733656898819 21.79777777777778 16
1733656952846 27.38000000000001 17
1733657004964 22.708888888888893 18
1733657057708 22.78666666666666 19
1733657109338 22.27777777777777 20
1733657162129 27.1088888888889 21
1733657214015 24.451111111111118 22
1733657266733 21.495555555555555 23
1733657318522 22.611111111111114 24
1733657370694 26.837777777777788 25
1733657423821 22.102222222222224 26
1733657475830 22.71111111111111 27
1733657528768 20.437777777777782 28
1733657581018 21.493333333333325 29
1733657634045 19.644444444444446 30
1733657687017 25.537777777777777 31
1733657738965 25.257777777777775 32
1733657790337 26.308888888888887 33
1733657844254 21.431111111111107 34
1733657897192 20.724444444444444 35
1733657949417 24.293333333333337 36
1733658002190 29.26444444444445 37
1733658054080 24.442222222222227 38
1733658106052 23.362222222222215 39
1733658158769 28.799999999999997 40
1733658210773 18.30000000000001 41
1733658263683 20.58888888888889 42
1733658315712 19.9688888888889 43
1733658368815 20.937777777777782 44
1733658421067 25.808888888888887 45
1733658474001 12.353333333333339 46
1733658526186 11.424444444444447 47
1733658579124 11.306666666666672 48
1733658632261 10.864444444444445 49
1733658684227 10.535555555555547 50
1733658737908 10.086666666666673 51
1733658789749 9.911111111111111 52
1733658841612 9.768888888888895 53
1733658894707 9.942222222222213 54
1733658946656 9.61999999999999 55
1733658999506 9.411111111111111 56
1733659052712 9.439999999999998 57
1733659104957 9.346666666666664 58
1733659158040 9.48222222222222 59
1733659210985 8.995555555555555 60
1733659264381 9.162222222222226 61
1733659317700 8.666666666666671 62
1733659370084 8.599999999999994 63
1733659423538 8.51777777777778 64
1733659476160 8.611111111111114 65
1733659529599 8.171111111111102 66
1733659582914 8.379999999999995 67
1733659636251 8.13333333333334 68
1733659689586 8.553333333333342 69
1733659742850 7.791111111111121 70
1733659795049 8.066666666666663 71
1733659848219 8.057777777777773 72
1733659900332 8.240000000000009 73
1733659953545 7.86888888888889 74
1733660005796 7.897777777777776 75
1733660058941 8.091111111111118 76
1733660111192 7.74444444444444 77
1733660164418 7.582222222222228 78
1733660217717 8.280000000000001 79
1733660270108 7.655555555555566 80
1733660323612 7.628888888888881 81
1733660376136 7.326666666666668 82
1733660429500 7.38666666666667 83
1733660482855 7.648888888888891 84
1733660536085 7.197777777777787 85
1733660589329 7.3288888888888835 86
1733660642393 7.462222222222223 87
1733660695410 7.315555555555548 88
1733660751087 6.973333333333329 89
1733660804082 7.268888888888895 90
1733660857139 7.315555555555548 91
1733660910316 5.668888888888887 92
1733660963392 5.328888888888898 93
1733661016083 5.457777777777778 94
1733661069203 5.193333333333342 95
1733661122207 5.128888888888895 96
1733661176929 5.231111111111105 97
1733661230822 5.057777777777787 98
1733661285180 5.00888888888889 99
1733661339232 5.071111111111122 100
1733661393475 5.0488888888888965 101
1733661447742 5.079999999999998 102
1733661500248 4.913333333333341 103
1733661553451 4.924444444444447 104
1733661606558 4.962222222222223 105
1733661659702 4.86666666666666 106
1733661712790 4.684444444444452 107
1733661765954 4.908888888888882 108
1733661818075 4.7066666666666634 109
1733661871026 4.795555555555552 110
1733661924249 4.828888888888898 111
1733661977139 4.904444444444451 112
1733662028943 4.684444444444452 113
1733662080678 4.742222222222225 114
1733662132841 4.657777777777781 115
1733662185955 4.662222222222226 116
1733662239040 4.611111111111114 117
1733662291346 4.635555555555555 118
1733662345272 4.6200000000000045 119
1733662398166 4.597777777777779 120
1733662450289 4.651111111111106 121
1733662503216 4.575555555555553 122
1733662556381 4.586666666666659 123
1733662609336 4.646666666666661 124
1733662661453 4.588888888888889 125
1733662714397 4.433333333333337 126
1733662767536 4.473333333333329 127
1733662819504 4.384444444444441 128
1733662872574 4.557777777777787 129
1733662924892 4.359999999999999 130
1733662977800 4.444444444444443 131
1733663031877 4.391111111111115 132
1733663084203 4.442222222222227 133
1733663137155 4.355555555555554 134
1733663189281 4.308888888888887 135
1733663243440 4.5 136
1733663296583 4.302222222222213 137
1733663349488 4.326666666666668 138
1733663402512 4.302222222222213 139
1733663454542 4.280000000000001 140
1733663506626 4.204444444444448 141
1733663559500 4.168888888888887 142
1733663611713 4.313333333333333 143
1733663664466 4.126666666666665 144
1733663716558 4.320000000000007 145
1733663768542 4.188888888888883 146
1733663820610 4.144444444444446 147
1733663873512 4.219999999999999 148
1733663927449 4.277777777777786 149
1733663979331 4.331111111111113 150
1733664032019 4.095555555555549 151
1733664084748 4.195555555555558 152
1733664138665 4.288888888888891 153
1733664191602 4.211111111111109 154
1733664243617 4.297777777777782 155
1733664297622 4.195555555555558 156
1733664349837 4.313333333333333 157
1733664402752 4.137777777777771 158
1733664454633 4.11333333333333 159
1733664507468 4.168888888888887 160
1733664559252 3.944444444444443 161
1733664611022 4.166666666666657 162
1733664662908 4.168888888888887 163
1733664715860 4.211111111111109 164
1733664768052 4.082222222222214 165
1733664821124 4.1200000000000045 166
1733664874411 4.217777777777769 167
1733664927055 4.173333333333332 168
1733664979030 4.173333333333332 169
1733665031801 4.1244444444444355 170
1733665083922 4.193333333333342 171
1733665136608 4.162222222222226 172
1733665188486 4.195555555555558 173
1733665240426 4.102222222222224 174
1733665292422 4.186666666666667 175
1733665346196 4.111111111111114 176
1733665399014 4.200000000000003 177
1733665451997 4.1044444444444395 178
1733665505030 4.324444444444438 179
1733665558329 4.1755555555555475 180
1733665610513 4.122222222222234 181
1733665663402 4.188888888888883 182
