1733770032517 28.70293617248535 1
1733770084364 28.689025163650513 2
1733770136316 28.67146921157837 3
1733770188385 28.772682428359985 4
1733770240311 28.69471311569214 5
1733770292380 28.73246431350708 6
1733770344381 28.77132749557495 7
1733770396407 28.745266914367676 8
1733770448324 28.72044539451599 9
1733770500299 28.71875 10
1733770552442 28.880024909973145 11
1733770604641 28.864309549331665 12
1733770656735 28.802350521087646 13
1733770708677 28.72919797897339 14
1733770760540 28.692418575286865 15
1733770812460 28.638415813446045 16
1733770864400 28.745871543884277 17
1733770916180 28.63485336303711 18
1733770968177 28.8241446018219 19
1733771020019 28.582661628723145 20
1733771071792 28.638983964920044 21
1733771123942 28.87502694129944 22
1733771175831 28.706192016601562 23
1733771227904 28.754751682281494 24
1733771279875 28.784285306930542 25
1733771331792 28.793198347091675 26
1733771383842 28.78303098678589 27
1733771435607 28.678797721862793 28
1733771487657 28.77690100669861 29
1733771539624 28.75282907485962 30
1733771591643 28.81192684173584 31
1733771643693 28.899648189544678 32
1733771695767 28.794257879257202 33
1733771747688 28.854180574417114 34
1733771799776 28.87082314491272 35
1733771851991 28.835943698883057 36
1733771904330 28.8544442653656 37
1733771956693 28.927469491958618 38
1733772009108 29.083863735198975 39
1733772061255 28.74769377708435 40
1733772113631 28.977118015289307 41
1733772165808 28.84022355079651 42
1733772217986 28.922300815582275 43
1733772270035 28.813626050949097 44
1733772322331 28.912145614624023 45
1733772374481 28.88724946975708 46
1733772426635 28.876537084579468 47
1733772478893 28.90335178375244 48
1733772531020 28.84589958190918 49
1733772583218 28.883750677108765 50
1733772635569 28.97372555732727 51
1733772687933 29.003239393234253 52
1733772740190 28.882827520370483 53
1733772792370 28.76791477203369 54
1733772844490 28.803295373916626 55
1733772896463 28.831850290298462 56
1733772948417 28.77554225921631 57
1733773000485 28.823631048202515 58
1733773052563 28.791045665740967 59
1733773104575 28.817858457565308 60
1733773156544 28.776891469955444 61
1733773208399 28.73200249671936 62
1733773260456 28.834314346313477 63
1733773312592 28.821706533432007 64
1733773364794 28.853950262069702 65
1733773416802 28.74407720565796 66
1733773469015 28.90603494644165 67
1733773521174 28.90097689628601 68
1733773573472 28.904407024383545 69
1733773625718 28.90556240081787 70
1733773677891 28.9288170337677 71
1733773730030 28.733585834503174 72
1733773782215 28.780394792556763 73
1733773834351 28.833540678024292 74
1733773886541 28.818548679351807 75
1733773938464 28.800361156463623 76
1733773990511 28.81568217277527 77
1733774042496 28.938523769378662 78
1733774094631 28.84977078437805 79
1733774146621 28.821030378341675 80
1733774198763 28.835222959518433 81
1733774250878 28.925363063812256 82
1733774302750 28.699153184890747 83
1733774354699 28.78573441505432 84
1733774406839 28.868734121322632 85
1733774458862 28.894623279571533 86
1733774510830 28.802536725997925 87
1733774563012 28.905958652496338 88
1733774615052 28.767854690551758 89
1733774667233 28.76631808280945 90
1733774719232 28.832120656967163 91
1733774771081 28.7498676776886 92
1733774823090 28.772287368774414 93
1733774875202 28.871792316436768 94
1733774927086 28.74676012992859 95
1733774979203 28.9024178981781 96
1733775031188 28.744550466537476 97
1733775083189 28.799987077713013 98
1733775134970 28.71735668182373 99
1733775186662 28.669150829315186 100
1733775238564 28.81493616104126 101
1733775290517 28.840946197509766 102
1733775342426 28.829976320266724 103
1733775394278 28.67551612854004 104
1733775446120 28.722590923309326 105
1733775498191 28.873664379119873 106
1733775550104 28.760700464248657 107
1733775601976 28.768296241760254 108
1733775653800 28.71107506752014 109
1733775705608 28.679906368255615 110
1733775757550 28.75454807281494 111
1733775809331 28.702397108078003 112
1733775861178 28.7876935005188 113
1733775912960 28.653450965881348 114
1733775964818 28.69939398765564 115
1733776016609 28.746814489364624 116
1733776068377 28.654279470443726 117
1733776120164 28.584977626800537 118
1733776172067 28.731705904006958 119
1733776223971 28.808582067489624 120
1733776275744 28.68211007118225 121
1733776327636 28.754834175109863 122
1733776379231 28.579948902130127 123
1733776430879 28.661680698394775 124
1733776482838 28.736145734786987 125
