1733770032524 50.344 1
1733770084371 35.91 2
1733770136324 34.172 3
1733770188391 27.85600000000001 4
1733770240324 27.295999999999992 5
1733770292387 22.439999999999998 6
1733770344388 28.483999999999995 7
1733770396414 21.936000000000007 8
1733770448330 23.421999999999997 9
1733770500306 26.616 10
1733770552449 22.24000000000001 11
1733770604648 19.667999999999992 12
1733770656741 19.088000000000008 13
1733770708683 19.789999999999992 14
1733770760547 19.232 15
1733770812472 20.39999999999999 16
1733770864407 15.74600000000001 17
1733770916187 16.214 18
1733770968183 16.013999999999996 19
1733771020026 16.464 20
1733771071799 19.366 21
1733771123949 15.085999999999999 22
1733771175841 17.176000000000002 23
1733771227913 16.686000000000007 24
1733771279883 14.870000000000005 25
1733771331799 15.189999999999998 26
1733771383849 18.939999999999998 27
1733771435614 16.388000000000005 28
1733771487664 16.525999999999996 29
1733771539632 13.338000000000008 30
1733771591650 12.75800000000001 31
1733771643701 14.971999999999994 32
1733771695773 13.656000000000006 33
1733771747695 14.701999999999998 34
1733771799783 16.292 35
1733771851999 19.820000000000007 36
1733771904337 14.254000000000005 37
1733771956701 15.462000000000003 38
1733772009116 13.256 39
1733772061261 13.415999999999997 40
1733772113638 14.805999999999997 41
1733772165817 15.427999999999997 42
1733772217993 13.61 43
1733772270042 12.960000000000008 44
1733772322339 14.969999999999999 45
1733772374489 7.525999999999996 46
1733772426642 7.010000000000005 47
1733772478900 6.573999999999998 48
1733772531027 6.239999999999995 49
1733772583224 6.135999999999996 50
1733772635576 5.700000000000003 51
1733772687939 5.622 52
1733772740197 5.323999999999998 53
1733772792377 5.170000000000002 54
1733772844498 5.207999999999998 55
1733772896470 4.966000000000008 56
1733772948425 4.637999999999991 57
1733773000492 4.609999999999999 58
1733773052570 4.317999999999998 59
1733773104582 4.510000000000005 60
1733773156552 4.225999999999999 61
1733773208407 4.478000000000009 62
1733773260463 4.1839999999999975 63
1733773312598 4.1059999999999945 64
1733773364801 3.9639999999999986 65
1733773416809 3.881999999999991 66
1733773469021 3.8499999999999943 67
1733773521181 3.85799999999999 68
1733773573478 3.710000000000008 69
1733773625726 3.7560000000000002 70
1733773677898 3.549999999999997 71
1733773730036 3.445999999999998 72
1733773782225 3.186000000000007 73
1733773834362 3.156000000000006 74
1733773886550 3.378 75
1733773938470 3.2439999999999998 76
1733773990518 3.263999999999996 77
1733774042505 3.2680000000000007 78
1733774094638 3.128 79
1733774146627 3.069999999999993 80
1733774198770 2.8840000000000003 81
1733774250887 2.7719999999999914 82
1733774302756 3.0 83
1733774354706 2.975999999999999 84
1733774406846 2.9279999999999973 85
1733774458869 2.7660000000000053 86
1733774510836 2.7620000000000005 87
1733774563020 2.6980000000000075 88
1733774615061 2.7660000000000053 89
1733774667239 2.9299999999999926 90
1733774719239 2.783999999999992 91
1733774771091 1.9480000000000075 92
1733774823098 1.8319999999999936 93
1733774875208 1.681999999999988 94
1733774927092 1.6659999999999968 95
1733774979209 1.5260000000000105 96
1733775031196 1.436000000000007 97
1733775083196 1.5279999999999916 98
1733775134978 1.426000000000002 99
1733775186669 1.4399999999999977 100
1733775238571 1.402000000000001 101
1733775290524 1.3460000000000036 102
1733775342434 1.3619999999999948 103
1733775394286 1.3780000000000001 104
1733775446126 1.3960000000000008 105
1733775498199 1.274000000000001 106
1733775550113 1.2780000000000058 107
1733775601982 1.1800000000000068 108
1733775653807 1.2139999999999986 109
1733775705615 1.2199999999999989 110
1733775757556 1.1119999999999948 111
1733775809338 1.1920000000000073 112
1733775861185 1.1499999999999915 113
1733775912968 1.1440000000000055 114
1733775964824 1.2180000000000035 115
1733776016615 1.161999999999992 116
1733776068384 1.2139999999999986 117
1733776120169 1.0879999999999939 118
1733776172072 1.1039999999999992 119
1733776223977 1.097999999999999 120
1733776275752 1.0919999999999987 121
1733776327642 1.0919999999999987 122
1733776379237 1.0879999999999939 123
1733776430885 1.0660000000000025 124
1733776482845 1.0499999999999972 125
