1733770032521 1.6385507104873658 1
1733770084368 1.0597336828231811 2
1733770136320 0.8714124080085754 3
1733770188388 0.75549636926651 4
1733770240316 0.6854828945541381 5
1733770292384 0.6379288016891479 6
1733770344385 0.5972566844272613 7
1733770396410 0.5687560292053223 8
1733770448327 0.5422655193710327 9
1733770500303 0.5236431630516052 10
1733770552446 0.5057371781539917 11
1733770604645 0.5025324901580811 12
1733770656738 0.4814447624397278 13
1733770708680 0.4714763778305054 14
1733770760544 0.46711117879867553 15
1733770812467 0.45890094694137573 16
1733770864403 0.4541069218540192 17
1733770916184 0.45382472159385684 18
1733770968180 0.4387234323120117 19
1733771020023 0.43599523572921756 20
1733771071796 0.4315139767456055 21
1733771123946 0.4274143639278412 22
1733771175835 0.43085300638198853 23
1733771227908 0.4241290543651581 24
1733771279879 0.4193560149860382 25
1733771331796 0.4165396810722351 26
1733771383846 0.4084649216842651 27
1733771435611 0.40346135736465455 28
1733771487661 0.408904317741394 29
1733771539629 0.4082240316677094 30
1733771591646 0.39910204195976257 31
1733771643696 0.39718553825378416 32
1733771695770 0.3937607308769226 33
1733771747692 0.3900717997932434 34
1733771799780 0.3930083158493042 35
1733771851995 0.3960281496047974 36
1733771904334 0.38525322887420654 37
1733771956698 0.39152676726341246 38
1733772009111 0.3849377937889099 39
1733772061258 0.37943733470916746 40
1733772113635 0.3835271343040466 41
1733772165814 0.3758284478855133 42
1733772217990 0.37924767716407776 43
1733772270038 0.378855010433197 44
1733772322335 0.37755361932754516 45
1733772374486 0.2701825399494171 46
1733772426638 0.23009080987453462 47
1733772478896 0.21578199768066406 48
1733772531024 0.20469255056381225 49
1733772583221 0.19562345898628236 50
1733772635573 0.18974422543525696 51
1733772687936 0.18159949057579042 52
1733772740194 0.1769390355396271 53
1733772792374 0.17455666459083558 54
1733772844493 0.16769419164657592 55
1733772896467 0.16449527274131776 56
1733772948421 0.1591505235362053 57
1733773000489 0.15592966622829438 58
1733773052567 0.15147526704788208 59
1733773104579 0.14652958508491515 60
1733773156548 0.14659052931070327 61
1733773208403 0.14419690494060516 62
1733773260460 0.1397360522556305 63
1733773312595 0.13641426236629486 64
1733773364798 0.13364676188468932 65
1733773416806 0.13407481538295746 66
1733773469018 0.1314106013774872 67
1733773521177 0.1265256530046463 68
1733773573475 0.12350755248546601 69
1733773625721 0.12474023166179657 70
1733773677895 0.1208655647468567 71
1733773730033 0.11791784637451172 72
1733773782221 0.11827095798492432 73
1733773834359 0.11662478225231171 74
1733773886547 0.11491544739246369 75
1733773938467 0.11369320366859437 76
1733773990515 0.11234145521640777 77
1733774042502 0.1092685452055931 78
1733774094635 0.10469363186359405 79
1733774146624 0.10711744790554047 80
1733774198767 0.10767221996307373 81
1733774250884 0.10264407358407975 82
1733774302753 0.10296819908738136 83
1733774354703 0.10135657788991928 84
1733774406843 0.09861424710273743 85
1733774458866 0.09831656671524047 86
1733774510833 0.0971734905743599 87
1733774563016 0.09560120025634766 88
1733774615058 0.09704833335876464 89
1733774667236 0.09530020181298256 90
1733774719236 0.09387314017772674 91
1733774771087 0.07846981775045395 92
1733774823095 0.0689281638455391 93
1733774875205 0.06759343797683716 94
1733774927089 0.06394084935545921 95
1733774979206 0.06251621289491653 96
1733775031193 0.06147753466129303 97
1733775083193 0.05754629959583282 98
1733775134974 0.05873494733095169 99
1733775186666 0.05841749505996704 100
1733775238568 0.05867816585063934 101
1733775290520 0.05617842748999596 102
1733775342429 0.05571020626962185 103
1733775394282 0.05557588201522827 104
1733775446123 0.05417878449559212 105
1733775498195 0.05603924616932869 106
1733775550110 0.051888953064680096 107
1733775601979 0.05242457067489624 108
1733775653804 0.05198610775947571 109
1733775705612 0.051592636699080464 110
1733775757553 0.05512997895956039 111
1733775809334 0.050946233098506925 112
1733775861182 0.05176849786996841 113
1733775912966 0.049909957118034365 114
1733775964822 0.04921676881670952 115
1733776016613 0.04925069075107574 116
1733776068380 0.04940267709255219 117
1733776120167 0.04901522489905357 118
1733776172070 0.048620267752408984 119
1733776223974 0.047578722298443316 120
1733776275747 0.0456699035012722 121
1733776327639 0.04686130999088287 122
1733776379234 0.04890194353222847 123
1733776430882 0.04722869690060615 124
1733776482841 0.04576511904716492 125
