1733364696387 32.296685218811035 1
1733364751909 31.186011791229248 2
1733364806900 31.32539963722229 3
1733364862044 30.42703366279602 4
1733364916676 30.753135442733765 5
1733364973181 31.69368815422058 6
1733365027641 30.77583909034729 7
1733365083001 31.53999376296997 8
1733365140706 31.640392541885376 9
1733365197726 30.057684421539307 10
1733365257634 32.114142179489136 11
1733365317040 31.69347906112671 12
1733365373249 31.862959623336792 13
1733365429533 31.875603199005127 14
1733365487257 31.232218027114868 15
1733365543542 31.861244440078735 16
1733365599148 31.30679750442505 17
1733365654503 30.966285705566406 18
1733365712410 31.867594003677368 19
1733365771426 31.872490644454956 20
1733365827195 30.395206928253174 21
1733365883492 31.680824995040894 22
1733365939631 31.597418546676636 23
1733365994185 30.209389209747314 24
1733366049433 30.163987159729004 25
1733366104922 30.941916942596436 26
1733366159804 30.32780385017395 27
1733366219058 31.510860204696655 28
1733366277087 30.458044052124023 29
1733366333317 32.01585412025452 30
1733366389084 31.440651655197144 31
1733366443595 30.111045360565186 32
1733366502827 31.536077976226807 33
1733366560751 30.35617733001709 34
1733366616824 31.786798000335693 35
1733366675589 31.564770460128784 36
1733366730762 29.896193265914917 37
1733366785372 30.23652672767639 38
1733366845898 32.49269723892212 39
1733366905719 32.07168745994568 40
1733366965620 32.21341896057129 41
1733367021348 31.43940567970276 42
1733367079640 30.640371561050415 43
1733367135139 30.132490158081055 44
1733367190127 30.578371286392212 45
1733367249908 32.04171919822693 46
1733367305968 30.934370279312134 47
1733367361577 30.895545959472656 48
1733367418214 31.758347272872925 49
1733367479065 32.677494525909424 50
1733367535206 31.22102975845337 51
1733367591775 31.586207389831543 52
1733367649047 32.332112312316895 53
1733367706115 31.635114431381226 54
1733367762227 31.182034254074097 55
1733367819000 32.066792011260986 56
1733367875889 31.998993158340454 57
1733367931819 31.04735016822815 58
1733367988310 31.792932987213135 59
1733368048584 32.638877630233765 60
1733368105773 32.54327154159546 61
1733368161384 30.936481714248657 62
1733368217831 31.961886644363403 63
1733368277574 31.83682131767273 64
1733368338419 32.97592329978943 65
1733368394709 31.800419569015503 66
1733368454246 31.599363565444946 67
1733368510170 31.45411729812622 68
1733368566994 31.907172679901123 69
1733368623697 31.780508756637573 70
1733368681207 32.71674633026123 71
1733368739363 31.046639442443848 72
1733368799087 31.556002855300903 73
1733368856077 32.10458517074585 74
1733368911621 30.716225147247314 75
1733368970090 32.81227087974548 76
1733369025764 30.838075876235962 77
1733369081290 30.670341968536377 78
1733369136888 30.737779140472412 79
1733369193966 32.05619835853577 80
1733369249691 30.888951063156128 81
1733369305396 30.758145093917847 82
1733369360776 30.610268354415894 83
1733369417647 31.918737173080444 84
1733369474460 31.987212419509888 85
1733369530510 31.309332370758057 86
1733369586235 30.88817310333252 87
1733369642813 30.781818389892578 88
1733369699894 32.37109994888306 89
1733369760349 32.27223515510559 90
1733369816927 31.03321409225464 91
1733369878027 32.88473868370056 92
1733369935476 31.841754913330078 93
1733369994776 31.158997297286987 94
1733370051079 31.430384874343872 95
1733370106873 31.00332021713257 96
1733370164060 31.91995334625244 97
1733370219586 30.705898761749268 98
1733370275511 31.115630626678467 99
1733370331295 30.85399341583252 100
1733370391244 32.37756299972534 101
1733370451579 32.225523233413696 102
1733370509059 32.4065146446228 103
1733370569781 32.403366804122925 104
1733370629731 31.69526767730713 105
1733370686154 31.38901996612549 106
1733370747300 32.93585991859436 107
1733370805257 32.958115339279175 108
1733370862232 32.0298330783844 109
1733370923138 32.56486749649048 110
1733370980025 31.91943335533142 111
1733371036110 31.02370858192444 112
1733371092376 31.203314304351807 113
1733371150403 32.75903034210205 114
1733371206924 31.4802143573761 115
1733371264412 32.45090866088867 116
1733371321218 31.723527669906616 117
1733371377508 31.33677887916565 118
1733371436132 32.19380164146423 119
1733371497102 32.575419425964355 120
1733371554569 32.38988161087036 121
1733371611690 31.633296728134155 122
1733371669497 32.48864459991455 123
1733371725990 31.432844161987305 124
1733371782121 31.11846137046814 125
1733371840147 33.08533191680908 126
1733371898438 32.0414023399353 127
1733371956446 31.955925941467285 128
1733372012740 31.16864848136902 129
1733372069883 32.21618437767029 130
1733372125570 30.772077560424805 131
1733372182577 32.06693148612976 132
1733372239434 31.879803895950317 133
1733372295545 31.252624988555908 134
1733372353049 31.738666534423828 135
1733372409621 31.660841464996338 136
1733372469977 32.073798179626465 137
1733372526212 31.26187515258789 138
1733372582215 30.835295915603638 139
1733372639574 32.3552782535553 140
1733372696471 31.812661170959473 141
1733372752519 31.080825090408325 142
1733372810052 32.534223794937134 143
1733372868989 31.952523231506348 144
1733372928713 31.213922023773193 145
1733372988286 31.89177393913269 146
1733373045667 32.32136535644531 147
1733373101813 31.180583715438843 148
1733373159308 32.469536542892456 149
1733373217798 30.774442195892334 150
1733373275510 32.72362184524536 151
1733373331494 30.92408323287964 152
1733373392300 32.26358246803284 153
1733373449531 32.14215970039368 154
1733373505513 31.036787033081055 155
1733373561267 30.712968111038208 156
1733373617265 30.93989372253418 157
1733373678115 32.351293087005615 158
1733373736380 33.03444838523865 159
1733373793052 31.484197854995728 160
1733373850613 32.504843950271606 161
1733373907977 32.236204624176025 162
1733373965399 32.28393864631653 163
1733374025156 31.281768321990967 164
1733374082277 32.09640192985535 165
1733374140743 32.067914724349976 166
1733374198585 32.61532187461853 167
1733374255676 32.069090843200684 168
1733374313569 31.78797721862793 169
1733374375031 32.91890215873718 170
1733374432017 31.730175018310547 171
1733374493060 32.622056007385254 172
1733374551792 33.19065809249878 173
1733374608944 32.01425504684448 174
1733374665233 31.153488874435425 175
1733374721580 31.172799825668335 176
1733374779358 32.674392223358154 177
1733374837587 32.30058264732361 178
1733374894939 32.22004556655884 179
1733374952741 32.58715534210205 180
1733375010073 32.31431460380554 181
1733375068224 33.01412010192871 182
