1733678407314 169.0267572402954 1
1733678656383 167.91236400604248 2
1733678905222 167.685542345047 3
1733679153948 167.66501426696777 4
1733679402653 167.58143424987793 5
1733679651020 167.43885707855225 6
1733679899394 167.3260533809662 7
1733680147314 167.06330513954163 8
1733680394930 166.83508467674255 9
1733680642265 166.60784435272217 10
1733680889229 166.26193833351135 11
1733681135399 165.72776055335999 12
1733681381221 165.59311056137085 13
1733681626658 165.1077926158905 14
1733681871878 164.98019313812256 15
1733682116798 164.85500073432922 16
1733682361894 164.70250582695007 17
1733682606435 164.37730169296265 18
1733682850632 164.131938457489 19
1733683094882 164.02949976921082 20
1733683338934 164.01426815986633 21
1733683583036 163.88014221191406 22
1733683826853 163.79181480407715 23
1733684070686 163.74809288978577 24
1733684314919 163.7767345905304 25
1733684558953 163.87604451179504 26
1733684802857 163.77365565299988 27
1733685046976 163.8167974948883 28
1733685291055 163.81611347198486 29
1733685535038 163.81097745895386 30
1733685778901 163.71686029434204 31
1733686022749 163.69586181640625 32
1733686266773 163.9096324443817 33
1733686511006 163.7883424758911 34
1733686755103 163.8602316379547 35
1733686999139 163.7732846736908 36
1733687243128 163.77494359016418 37
1733687486960 163.6835036277771 38
1733687730925 163.75747299194336 39
1733687974804 163.727694272995 40
1733688218578 163.69348692893982 41
1733688462680 163.72583293914795 42
1733688706439 163.70379209518433 43
1733688950020 163.84151315689087 44
1733689192741 163.2024531364441 45
1733689435235 162.99719262123108 46
1733689677775 163.0805320739746 47
1733689920334 163.0915768146515 48
1733690163009 163.0551369190216 49
1733690406064 163.29661083221436 50
1733690648853 163.1101315021515 51
1733690891537 163.1966142654419 52
1733691135123 163.43800973892212 53
1733691378281 163.54840230941772 54
1733691621187 163.19322633743286 55
1733691864044 163.39085960388184 56
1733692106728 163.1511960029602 57
1733692349230 163.06304097175598 58
1733692592177 163.16348505020142 59
1733692835261 163.3715841770172 60
1733693077959 163.1130495071411 61
1733693320526 163.22878909111023 62
1733693563162 163.13236618041992 63
1733693805809 163.14321279525757 64
1733694048214 163.00313258171082 65
1733694291025 163.15919160842896 66
1733694533827 163.1580455303192 67
1733694776522 163.14858078956604 68
1733695019359 163.25205278396606 69
1733695262064 163.19403982162476 70
1733695504790 163.19124960899353 71
1733695747276 163.05495190620422 72
1733695990069 163.15600848197937 73
1733696232901 163.20189952850342 74
1733696475715 163.3019576072693 75
1733696718411 163.14703798294067 76
1733696961066 163.11500906944275 77
1733697203697 163.24929571151733 78
1733697445896 162.80800104141235 79
1733697687987 162.85188555717468 80
1733697930164 162.8082571029663 81
1733698172549 162.85912919044495 82
1733698414588 162.82966542243958 83
1733698656924 162.83590960502625 84
1733698899378 162.96637105941772 85
1733699141584 162.87301778793335 86
1733699383737 162.93477272987366 87
1733699625715 162.8285312652588 88
1733699867953 162.80537796020508 89
1733700110056 162.84772157669067 90
1733700352287 162.81552505493164 91
1733700594383 162.75875425338745 92
1733700836438 162.75772142410278 93
1733701078550 162.7463254928589 94
1733701320716 162.82682156562805 95
1733701562634 162.66907143592834 96
1733701804792 162.7919180393219 97
1733702047027 162.92815041542053 98
1733702289303 162.80064702033997 99
1733702531511 162.81345224380493 100
1733702773616 162.79336953163147 101
1733703015939 162.90342688560486 102
1733703257958 162.78100752830505 103
1733703500181 162.86740398406982 104
1733703742488 162.88060808181763 105
1733703984636 162.91701292991638 106
1733704226888 162.92362880706787 107
1733704469165 162.83288097381592 108
1733704711491 162.85960221290588 109
1733704953451 162.76504278182983 110
1733705195772 162.85446882247925 111
1733705437964 162.76133108139038 112
1733705680125 162.84753346443176 113
1733705922304 162.8464286327362 114
1733706164544 162.85897541046143 115
1733706406583 162.768164396286 116
1733706648599 162.78113555908203 117
