1733678407328 1.7700622190093993 1
1733678656397 1.295296054801941 2
1733678905234 1.1047669392395019 3
1733679153961 0.9663939220809936 4
1733679402664 0.8666569035720825 5
1733679651033 0.7878885274887085 6
1733679899406 0.729521671257019 7
1733680147329 0.6795583112335205 8
1733680394943 0.6413264311408997 9
1733680642277 0.6142112189102172 10
1733680889242 0.5862543375587463 11
1733681135415 0.5625801194190979 12
1733681381241 0.5383864630031586 13
1733681626672 0.5162454221916198 14
1733681871894 0.5040604234695435 15
1733682116811 0.48585508939743044 16
1733682361907 0.4690757768154144 17
1733682606448 0.4568336170959473 18
1733682850645 0.44277906126976013 19
1733683094895 0.4301684272098541 20
1733683338948 0.4239039719772339 21
1733683583047 0.4116442118644714 22
1733683826866 0.39859447874069215 23
1733684070700 0.39268680222511293 24
1733684314931 0.38378551236152647 25
1733684558967 0.37350930660247805 26
1733684802868 0.3625239569091797 27
1733685046989 0.3610531052494049 28
1733685291068 0.3529929422283173 29
1733685535051 0.34690868719100953 30
1733685778912 0.3422092873573303 31
1733686022767 0.3357336336612701 32
1733686266786 0.3330196422290802 33
1733686511018 0.3232275515794754 34
1733686755115 0.32087183603286745 35
1733686999152 0.3155947085189819 36
1733687243141 0.3090948448085785 37
1733687486972 0.30771852128982546 38
1733687730937 0.30128475237846375 39
1733687974818 0.2969974104690552 40
1733688218589 0.2942445122051239 41
1733688462691 0.2951128060054779 42
1733688706454 0.2911495292377472 43
1733688950031 0.28969728644371034 44
1733689192758 0.28332414265632627 45
1733689435247 0.27903873227119447 46
1733689677787 0.27681408061504365 47
1733689920347 0.2741048494720459 48
1733690163022 0.270594598941803 49
1733690406076 0.264785376329422 50
1733690648867 0.2667098926115036 51
1733690891549 0.26357739695072174 52
1733691135137 0.25988919922828674 53
1733691378295 0.2590603329229355 54
1733691621199 0.2578468396282196 55
1733691864057 0.25473556913375855 56
1733692106739 0.2524470197582245 57
1733692349242 0.25281297956466675 58
1733692592190 0.24902167731285096 59
1733692835279 0.24420401672363282 60
1733693077971 0.24685807368278503 61
1733693320538 0.24063933296203613 62
1733693563174 0.24348620136260987 63
1733693805820 0.24065042786598206 64
1733694048227 0.23724898539543152 65
1733694291038 0.23688285447120666 66
1733694533842 0.23994794569015504 67
1733694776535 0.23624829388618468 68
1733695019371 0.23293714813232422 69
1733695262077 0.23076954417228698 70
1733695504804 0.22684116936206816 71
1733695747289 0.22522920783996583 72
1733695990081 0.23030479513406754 73
1733696232913 0.22766062084674835 74
1733696475728 0.22431227468013765 75
1733696718424 0.21784797825336455 76
1733696961077 0.2224476576948166 77
1733697203709 0.2262950986099243 78
1733697445908 0.21592103709220886 79
1733697687998 0.22283639504432678 80
1733697930177 0.21585129029273986 81
1733698172562 0.21725322394371033 82
1733698414600 0.21186148198843002 83
1733698656936 0.21855848091125488 84
1733698899389 0.2110096304988861 85
1733699141598 0.21083398038864135 86
1733699383750 0.2161067197227478 87
1733699625727 0.2126384530878067 88
1733699867965 0.21391765118598938 89
1733700110070 0.20681920102119447 90
1733700352299 0.20930842169761657 91
1733700594396 0.15013793192625047 92
1733700836449 0.12269125111579895 93
1733701078562 0.1123401683664322 94
1733701320729 0.10614789504766464 95
1733701562649 0.1011136242878437 96
1733701804804 0.1025389763212204 97
1733702047039 0.09808056626200676 98
1733702289314 0.09193124277353287 99
1733702531524 0.08795871007442474 100
1733702773630 0.08776882652521134 101
1733703015950 0.08500869996070862 102
1733703257970 0.0830705452156067 103
1733703500193 0.07894679335355759 104
1733703742508 0.08232755086183548 105
1733703984652 0.0771171518778801 106
1733704226900 0.07618165263414382 107
1733704469177 0.07374298232793808 108
1733704711504 0.07164321048736572 109
1733704953463 0.06986951255321502 110
1733705195784 0.06903837985515594 111
1733705437978 0.06893946520447732 112
1733705680139 0.06790301036357879 113
1733705922317 0.06842024515151977 114
1733706164556 0.06637211141109467 115
1733706406595 0.061223495008945465 116
1733706648612 0.05710146452784538 117
