1733678407340 51.726 1
1733678656409 46.218 2
1733678905245 35.67399999999999 3
1733679153972 35.294 4
1733679402676 30.604 5
1733679651043 27.14 6
1733679899417 25.896 7
1733680147339 27.471999999999994 8
1733680394954 24.33 9
1733680642287 26.02799999999999 10
1733680889253 20.703999999999994 11
1733681135429 20.549999999999997 12
1733681381252 24.0 13
1733681626683 21.037999999999997 14
1733681871909 17.188000000000002 15
1733682116831 19.91000000000001 16
1733682361919 17.986000000000004 17
1733682606460 18.233999999999995 18
1733682850655 15.829999999999998 19
1733683094905 17.744 20
1733683338959 15.688000000000002 21
1733683583057 15.926000000000002 22
1733683826876 17.959999999999994 23
1733684070710 14.548000000000002 24
1733684314941 16.724000000000004 25
1733684558980 16.983999999999995 26
1733684802879 14.104 27
1733685047000 14.975999999999999 28
1733685291080 14.072000000000003 29
1733685535061 14.254000000000005 30
1733685778923 12.488 31
1733686022778 12.926000000000002 32
1733686266798 14.087999999999994 33
1733686511028 13.079999999999998 34
1733686755135 13.366 35
1733686999164 11.436000000000007 36
1733687243151 11.216000000000008 37
1733687486984 10.494 38
1733687730949 10.11800000000001 39
1733687974830 11.977999999999994 40
1733688218599 12.083999999999989 41
1733688462703 12.097999999999999 42
1733688706470 10.60799999999999 43
1733688950041 10.555999999999997 44
1733689192772 13.16000000000001 45
1733689435258 12.707999999999998 46
1733689677797 9.301999999999992 47
1733689920357 8.878 48
1733690163033 10.421999999999997 49
1733690406087 9.265999999999991 50
1733690648877 9.516000000000005 51
1733690891561 10.072000000000003 52
1733691135149 9.594000000000008 53
1733691378308 12.150000000000006 54
1733691621210 12.420000000000002 55
1733691864068 10.097999999999999 56
1733692106750 10.099999999999994 57
1733692349254 13.530000000000001 58
1733692592201 10.635999999999996 59
1733692835290 8.63199999999999 60
1733693077983 7.584000000000003 61
1733693320551 9.138000000000005 62
1733693563184 8.634 63
1733693805830 7.906000000000006 64
1733694048237 8.099999999999994 65
1733694291050 9.944000000000003 66
1733694533856 8.465999999999994 67
1733694776545 7.825999999999993 68
1733695019383 7.774000000000001 69
1733695262089 8.245999999999995 70
1733695504814 9.233999999999995 71
1733695747300 7.876000000000005 72
1733695990099 7.045999999999992 73
1733696232923 8.281999999999996 74
1733696475738 7.768000000000001 75
1733696718435 10.427999999999997 76
1733696961087 8.418000000000006 77
1733697203721 7.3799999999999955 78
1733697445921 8.25399999999999 79
1733697688009 7.920000000000002 80
1733697930189 8.367999999999995 81
1733698172573 7.213999999999999 82
1733698414612 8.697999999999993 83
1733698656947 7.859999999999999 84
1733698899399 7.484000000000009 85
1733699141618 10.033999999999992 86
1733699383760 8.694000000000003 87
1733699625737 7.274000000000001 88
1733699867976 7.122 89
1733700110082 6.896000000000001 90
1733700352309 9.567999999999998 91
1733700594406 3.5039999999999907 92
1733700836460 3.0259999999999962 93
1733701078572 2.715999999999994 94
1733701320741 2.637999999999991 95
1733701562661 2.441999999999993 96
1733701804815 2.283999999999992 97
1733702047050 2.1340000000000003 98
1733702289326 2.039999999999992 99
1733702531534 1.9320000000000022 100
1733702773643 2.0379999999999967 101
1733703015961 1.8960000000000008 102
1733703257981 1.8400000000000034 103
1733703500204 1.7519999999999953 104
1733703742519 1.7660000000000053 105
1733703984666 1.608000000000004 106
1733704226911 1.593999999999994 107
1733704469195 1.4680000000000035 108
1733704711515 1.5420000000000016 109
1733704953473 1.5020000000000095 110
1733705195803 1.4879999999999995 111
1733705437988 1.4099999999999966 112
1733705680150 1.3659999999999997 113
1733705922335 1.3340000000000032 114
1733706164567 1.2580000000000098 115
1733706406606 1.1340000000000003 116
1733706648625 1.1059999999999945 117
