1733227160140 38.655805826187134 1
1733227219468 38.57094740867615 2
1733227278891 38.48144769668579 3
1733227338445 38.525105714797974 4
1733227397710 38.4886531829834 5
1733227457235 38.74596977233887 6
1733227516452 38.49382972717285 7
1733227575769 38.45203709602356 8
1733227634831 38.503018617630005 9
1733227694233 38.618194580078125 10
1733227753483 38.57672452926636 11
1733227812651 38.63505172729492 12
1733227871894 38.62938666343689 13
1733227930816 38.39328217506409 14
1733227989882 38.42050099372864 15
1733228049349 38.6225368976593 16
1733228108933 38.7327139377594 17
1733228168476 38.67809462547302 18
1733228227510 38.35090184211731 19
1733228286327 38.344398021698 20
1733228345364 38.38486862182617 21
1733228404689 38.61213994026184 22
1733228463892 38.470484256744385 23
1733228522665 38.214540243148804 24
1733228581367 38.29096460342407 25
1733228640162 38.168864727020264 26
1733228698707 38.15702986717224 27
1733228757477 38.23959946632385 28
1733228816342 38.17493915557861 29
1733228874975 38.16213870048523 30
1733228933914 38.35668325424194 31
1733228992755 38.405040979385376 32
1733229051637 38.40488839149475 33
1733229110417 38.367321252822876 34
1733229169359 38.274653673172 35
1733229228377 38.436389207839966 36
1733229287382 38.190632581710815 37
1733229346132 38.322916746139526 38
1733229404785 38.22498655319214 39
1733229463735 38.50409770011902 40
1733229522381 38.296947956085205 41
1733229581018 38.17119121551514 42
1733229639513 38.08918881416321 43
1733229698635 38.27112650871277 44
1733229757694 38.386881589889526 45
1733229817242 38.51779747009277 46
1733229876091 38.183298110961914 47
1733229934829 38.23606252670288 48
1733229994207 38.55796241760254 49
1733230053845 38.60829830169678 50
1733230113207 38.560688495635986 51
1733230172208 38.31086993217468 52
1733230230928 38.2041916847229 53
1733230289888 38.35291337966919 54
1733230348988 38.48532438278198 55
1733230408034 38.41840648651123 56
1733230467088 38.43407654762268 57
1733230526092 38.434964656829834 58
1733230584893 38.342676877975464 59
1733230643589 38.275904178619385 60
1733230702398 38.29312467575073 61
1733230761220 38.35754609107971 62
1733230820228 38.391141414642334 63
1733230879081 38.193625926971436 64
1733230938074 38.30952787399292 65
1733230996825 38.221237897872925 66
1733231055407 38.09920072555542 67
1733231114497 38.3624062538147 68
1733231173747 38.39799404144287 69
1733231232692 38.432952880859375 70
1733231291554 38.41339087486267 71
1733231350597 38.40352535247803 72
1733231409539 38.40843939781189 73
1733231468574 38.38682436943054 74
1733231527543 38.38686203956604 75
1733231586649 38.489083766937256 76
1733231645502 38.375502824783325 77
1733231704357 38.389204263687134 78
1733231763301 38.29372239112854 79
1733231822161 38.335201025009155 80
1733231881097 38.47672152519226 81
1733231940223 38.498332262039185 82
1733231999557 38.54689860343933 83
1733232058367 38.32279920578003 84
1733232117269 38.38855338096619 85
1733232176322 38.341426849365234 86
1733232235636 38.66710567474365 87
1733232294768 38.33772540092468 88
1733232353745 38.396461963653564 89
1733232412582 38.239949226379395 90
1733232471646 38.45647692680359 91
1733232530727 38.32893705368042 92
1733232589817 38.36638021469116 93
1733232648825 38.36360216140747 94
1733232708092 38.4410183429718 95
1733232767393 38.552035331726074 96
1733232826277 38.30381512641907 97
1733232885305 38.329833984375 98
1733232944473 38.514235973358154 99
1733233003765 38.666473388671875 100
1733233063034 38.449238300323486 101
1733233122108 38.57367444038391 102
1733233181181 38.42678356170654 103
1733233240500 38.68408441543579 104
1733233299482 38.35289430618286 105
1733233358302 38.23663949966431 106
1733233417387 38.463656187057495 107
1733233476441 38.47050404548645 108
1733233535411 38.55588412284851 109
1733233594519 38.546884298324585 110
1733233653359 38.368537187576294 111
1733233712301 38.241602420806885 112
1733233771342 38.48410415649414 113
1733233830353 38.34250807762146 114
1733233889428 38.43699049949646 115
1733233948378 38.34381341934204 116
1733234007382 38.312057971954346 117
1733234066323 38.3827440738678 118
1733234125227 38.26956224441528 119
1733234184193 38.279298305511475 120
1733234243292 38.41724681854248 121
1733234302339 38.38923215866089 122
1733234361170 38.317095041275024 123
1733234420201 38.323974609375 124
1733234479101 38.402615785598755 125
1733234537742 38.16590666770935 126
1733234596600 38.250818490982056 127
1733234655361 38.24786114692688 128
1733234714116 38.28438711166382 129
1733234773006 38.35692524909973 130
1733234831972 38.38322710990906 131
1733234891154 38.59675335884094 132
1733234950319 38.349873542785645 133
1733235008911 38.14519929885864 134
1733235067501 38.13986277580261 135
1733235126488 38.41132116317749 136
1733235185378 38.39450454711914 137
1733235244308 38.427839517593384 138
1733235303210 38.29899716377258 139
1733235362192 38.26307034492493 140
1733235421259 38.354909896850586 141
1733235480219 38.25237846374512 142
1733235539245 38.3682496547699 143
1733235598442 38.44983649253845 144
1733235657351 38.355900287628174 145
1733235716328 38.20468711853027 146
1733235775212 38.31724166870117 147
1733235834032 38.162832736968994 148
1733235892915 38.32455563545227 149
1733235952020 38.43924880027771 150
1733236011117 38.4440712928772 151
1733236070238 38.48178744316101 152
1733236129378 38.4368462562561 153
1733236188408 38.48165583610535 154
1733236247421 38.51033687591553 155
1733236306252 38.3397855758667 156
1733236365169 38.415711402893066 157
1733236424208 38.565491676330566 158
1733236483249 38.40363669395447 159
1733236542151 38.30784344673157 160
1733236600936 38.30897784233093 161
1733236660047 38.33915328979492 162
1733236718851 38.322022438049316 163
1733236777846 38.46297812461853 164
1733236836764 38.18220067024231 165
1733236895986 38.37327718734741 166
1733236954908 38.27357888221741 167
1733237013931 38.45301389694214 168
1733237073146 38.42666172981262 169
1733237132028 38.46489214897156 170
1733237190944 38.298131465911865 171
1733237249957 38.42663550376892 172
1733237309136 38.43641781806946 173
1733237368251 38.40526270866394 174
1733237427409 38.45144248008728 175
1733237486308 38.34354329109192 176
1733237545514 38.36721992492676 177
1733237604579 38.525657415390015 178
1733237663578 38.45512294769287 179
1733237722399 38.28391194343567 180
1733237781209 38.21672320365906 181
1733237840216 38.36420917510986 182
