1733227160177 55.345 1
1733227219511 44.645 2
1733227278927 42.4675 3
1733227338489 37.285000000000004 4
1733227397744 38.535 5
1733227457276 29.11500000000001 6
1733227516493 30.497500000000002 7
1733227575804 30.152500000000003 8
1733227634867 25.987499999999997 9
1733227694266 24.47500000000001 10
1733227753516 24.310000000000002 11
1733227812691 22.36 12
1733227871933 21.439999999999998 13
1733227930854 19.679999999999993 14
1733227989926 23.799999999999997 15
1733228049384 22.08250000000001 16
1733228108976 17.977500000000006 17
1733228168510 19.295 18
1733228227561 19.489999999999995 19
1733228286368 18.512500000000003 20
1733228345401 21.242499999999993 21
1733228404725 15.892499999999998 22
1733228463927 14.560000000000002 23
1733228522699 16.19749999999999 24
1733228581402 18.430000000000007 25
1733228640204 15.39 26
1733228698743 14.0625 27
1733228757517 14.689999999999998 28
1733228816378 18.25 29
1733228875010 12.132500000000007 30
1733228933951 13.674999999999997 31
1733228992788 11.512500000000003 32
1733229051677 12.515 33
1733229110463 12.325000000000003 34
1733229169402 11.030000000000001 35
1733229228413 14.042500000000004 36
1733229287426 11.3125 37
1733229346167 13.357500000000002 38
1733229404827 11.070000000000007 39
1733229463769 15.875 40
1733229522416 8.897500000000008 41
1733229581052 9.987500000000011 42
1733229639551 11.409999999999997 43
1733229698679 12.209999999999994 44
1733229757730 10.11 45
1733229817284 9.555000000000007 46
1733229876128 9.760000000000005 47
1733229934862 14.450000000000003 48
1733229994243 9.492500000000007 49
1733230053884 11.060000000000002 50
1733230113248 10.850000000000009 51
1733230172242 9.21499999999999 52
1733230230969 9.63000000000001 53
1733230289922 8.844999999999999 54
1733230349030 9.084999999999994 55
1733230408067 10.155000000000001 56
1733230467132 9.232500000000002 57
1733230526124 8.919999999999987 58
1733230584927 10.957499999999996 59
1733230643622 11.397500000000008 60
1733230702433 10.824999999999989 61
1733230761267 10.457499999999996 62
1733230820262 8.467500000000001 63
1733230879124 9.765 64
1733230938107 7.427499999999995 65
1733230996863 7.530000000000001 66
1733231055444 8.522499999999994 67
1733231114532 7.917500000000004 68
1733231173782 8.120000000000005 69
1733231232727 7.607500000000002 70
1733231291590 10.532499999999999 71
1733231350632 7.465000000000003 72
1733231409582 9.722499999999997 73
1733231468610 8.417500000000004 74
1733231527592 7.3374999999999915 75
1733231586683 7.537499999999994 76
1733231645535 7.982500000000002 77
1733231704393 6.965000000000003 78
1733231763342 6.427499999999995 79
1733231822198 8.037499999999994 80
1733231881133 8.087500000000006 81
1733231940269 7.804999999999993 82
1733231999591 9.152500000000003 83
1733232058415 7.3075000000000045 84
1733232117305 6.867500000000007 85
1733232176357 8.2975 86
1733232235671 6.974999999999994 87
1733232294802 7.457499999999996 88
1733232353781 7.132499999999993 89
1733232412622 7.322500000000005 90
1733232471693 6.829999999999998 91
1733232530767 3.0 92
1733232589872 2.450000000000003 93
1733232648860 2.375 94
1733232708128 2.0974999999999966 95
1733232767427 2.0049999999999955 96
1733232826312 1.9525000000000006 97
1733232885338 1.8900000000000006 98
1733232944507 1.7124999999999915 99
1733233003799 1.6850000000000023 100
1733233063072 1.4350000000000023 101
1733233122154 1.565000000000012 102
1733233181216 1.427500000000009 103
1733233240544 1.2900000000000063 104
1733233299518 1.2874999999999943 105
1733233358336 1.3974999999999937 106
1733233417424 1.1749999999999972 107
1733233476476 1.1600000000000108 108
1733233535449 1.2175000000000011 109
1733233594553 1.2625000000000028 110
1733233653401 1.125 111
1733233712335 1.0900000000000034 112
1733233771389 1.1074999999999875 113
1733233830387 1.0625 114
1733233889464 1.0174999999999983 115
1733233948414 0.8225000000000051 116
1733234007422 0.7524999999999977 117
1733234066366 0.7874999999999943 118
1733234125266 0.8250000000000028 119
1733234184235 0.7574999999999932 120
1733234243326 0.7000000000000028 121
1733234302372 0.7325000000000017 122
1733234361205 0.7049999999999983 123
1733234420239 0.667500000000004 124
1733234479146 0.7349999999999994 125
1733234537779 0.7049999999999983 126
1733234596652 0.6175000000000068 127
1733234655402 0.6600000000000108 128
1733234714153 0.6499999999999915 129
1733234773051 0.6850000000000023 130
1733234832009 0.6749999999999972 131
1733234891193 0.6574999999999989 132
1733234950355 0.6525000000000034 133
1733235008953 0.667500000000004 134
1733235067538 0.6325000000000074 135
1733235126524 0.7075000000000102 136
1733235185420 0.6800000000000068 137
1733235244352 0.5974999999999966 138
1733235303247 0.6200000000000045 139
1733235362231 0.6899999999999977 140
1733235421300 0.5999999999999943 141
1733235480254 0.6724999999999994 142
1733235539286 0.6075000000000017 143
1733235598475 0.519999999999996 144
1733235657390 0.5974999999999966 145
1733235716360 0.585000000000008 146
1733235775245 0.5925000000000011 147
1733235834065 0.5674999999999955 148
1733235892952 0.5949999999999989 149
1733235952068 0.6525000000000034 150
1733236011156 0.5300000000000011 151
1733236070272 0.522500000000008 152
1733236129426 0.5375000000000085 153
1733236188444 0.6200000000000045 154
1733236247466 0.602499999999992 155
1733236306288 0.582499999999996 156
1733236365211 0.5375000000000085 157
1733236424246 0.6550000000000011 158
1733236483289 0.5125000000000028 159
1733236542188 0.5575000000000045 160
1733236600972 0.5575000000000045 161
1733236660082 0.542500000000004 162
1733236718888 0.5799999999999983 163
1733236777891 0.5550000000000068 164
1733236836797 0.5649999999999977 165
1733236896032 0.47749999999999204 166
1733236954946 0.5375000000000085 167
1733237013976 0.542500000000004 168
1733237073184 0.5474999999999994 169
1733237132078 0.48749999999999716 170
1733237190976 0.4375 171
1733237250005 0.4975000000000023 172
1733237309169 0.5174999999999983 173
1733237368297 0.457499999999996 174
1733237427444 0.46750000000000114 175
1733237486346 0.4299999999999926 176
1733237545550 0.6075000000000017 177
1733237604615 0.4650000000000034 178
1733237663613 0.49500000000000455 179
1733237722435 0.519999999999996 180
1733237781246 0.5024999999999977 181
1733237840250 0.4350000000000023 182
