1733227160150 1.8163846786499023 1
1733227219477 1.3568288845062255 2
1733227278901 1.171577400493622 3
1733227338454 1.044481174659729 4
1733227397720 0.9464189158439636 5
1733227457246 0.8704383311271667 6
1733227516464 0.8107248027801514 7
1733227575778 0.7514649608612061 8
1733227634841 0.7083090920448303 9
1733227694243 0.6795565669059753 10
1733227753492 0.6416639002799988 11
1733227812662 0.6133221503257752 12
1733227871903 0.5889849104881286 13
1733227930826 0.5652127301216125 14
1733227989892 0.5441607670783997 15
1733228049359 0.5213217000007629 16
1733228108944 0.5120202380180359 17
1733228168486 0.4927001647949219 18
1733228227522 0.48123051948547363 19
1733228286339 0.4613848689556122 20
1733228345373 0.451731863451004 21
1733228404699 0.43461460251808165 22
1733228463902 0.4327763040065765 23
1733228522674 0.41635342178344725 24
1733228581377 0.40626857295036317 25
1733228640172 0.3992722348690033 26
1733228698717 0.38715000500679014 27
1733228757486 0.38305355229377747 28
1733228816353 0.36880415234565733 29
1733228874985 0.365071146440506 30
1733228933924 0.3603117886066437 31
1733228992764 0.3499230519771576 32
1733229051649 0.3436199806213379 33
1733229110429 0.34241761264801024 34
1733229169368 0.3331451455116272 35
1733229228387 0.32299268884658816 36
1733229287392 0.3220127710103989 37
1733229346142 0.315613854265213 38
1733229404796 0.31434299879074096 39
1733229463745 0.30649181866645814 40
1733229522391 0.3049171986103058 41
1733229581028 0.30162924435138705 42
1733229639524 0.2932281823635101 43
1733229698644 0.2916582253932953 44
1733229757704 0.2887602769851685 45
1733229817252 0.2811873692512512 46
1733229876101 0.28263607239723204 47
1733229934838 0.27787924909591677 48
1733229994217 0.2795342997550964 49
1733230053856 0.2684495631694794 50
1733230113219 0.2643406511306763 51
1733230172218 0.2636290251493454 52
1733230230938 0.26092757697105406 53
1733230289898 0.25757410817146303 54
1733230348997 0.2557350014209747 55
1733230408043 0.25301143143177035 56
1733230467098 0.2483218834400177 57
1733230526101 0.25109475498199463 58
1733230584903 0.2456575493812561 59
1733230643598 0.24609619207382202 60
1733230702407 0.2451948702096939 61
1733230761237 0.23861153426170348 62
1733230820238 0.23563643031120302 63
1733230879090 0.23809365170001984 64
1733230938083 0.23238402826786042 65
1733230996834 0.22968336446285248 66
1733231055417 0.23663724579811096 67
1733231114507 0.22442297468185424 68
1733231173757 0.226993314743042 69
1733231232702 0.22641003711223603 70
1733231291564 0.2228782238960266 71
1733231350607 0.22344515562057496 72
1733231409549 0.22189767231941224 73
1733231468583 0.2205568810939789 74
1733231527554 0.2151411827325821 75
1733231586658 0.21881786828041078 76
1733231645512 0.21481374573707582 77
1733231704367 0.2120950624704361 78
1733231763312 0.2131290274143219 79
1733231822171 0.2068937961101532 80
1733231881107 0.21152570188045502 81
1733231940234 0.2035354340791702 82
1733231999567 0.2093111186981201 83
1733232058377 0.20903444850444794 84
1733232117279 0.20715814909935 85
1733232176331 0.19712238111495972 86
1733232235646 0.19858222706317902 87
1733232294778 0.20329319443702698 88
1733232353754 0.20200256624221802 89
1733232412593 0.20365512986183165 90
1733232471663 0.19371036863327026 91
1733232530738 0.13782819995880127 92
1733232589830 0.11237463574409484 93
1733232648835 0.10299819830656051 94
1733232708102 0.09497131193876267 95
1733232767402 0.09107368352413177 96
1733232826287 0.08827297683954238 97
1733232885315 0.08629023171067238 98
1733232944482 0.08309851605892181 99
1733233003774 0.07960828187465668 100
1733233063045 0.07410963914394379 101
1733233122118 0.07373005664944648 102
1733233181191 0.07555087532997132 103
1733233240510 0.07134007983207703 104
1733233299492 0.06880187903642654 105
1733233358311 0.06502621021866799 106
1733233417398 0.06502177201807499 107
1733233476451 0.062344194620847705 108
1733233535421 0.061602058386802674 109
1733233594528 0.0591823617041111 110
1733233653368 0.05826733804345131 111
1733233712310 0.05578115411996842 112
1733233771352 0.0542653018027544 113
1733233830363 0.054574402484297756 114
1733233889438 0.051600218564271924 115
1733233948388 0.04819684633016586 116
1733234007393 0.04560087722241878 117
1733234066341 0.04480367974340916 118
1733234125239 0.04378212305009365 119
1733234184203 0.043816604724526406 120
1733234243301 0.042746513110399245 121
1733234302348 0.043788310304284095 122
1733234361179 0.04300758789777756 123
1733234420211 0.04306992110311985 124
1733234479116 0.04288997137248516 125
1733234537752 0.04183553306758404 126
1733234596611 0.04158092589080334 127
1733234655372 0.04194777682721615 128
1733234714126 0.04202267282307148 129
1733234773018 0.04125511909127236 130
1733234831982 0.04083867782354355 131
1733234891165 0.03991791407167911 132
1733234950329 0.03955881255865097 133
1733235008920 0.041135945519804956 134
1733235067511 0.03961490188241005 135
1733235126498 0.03987720475196838 136
1733235185389 0.039198705753684046 137
1733235244319 0.04065390420854092 138
1733235303220 0.040953817826509475 139
1733235362203 0.039353887715935704 140
1733235421269 0.039464814883470534 141
1733235480229 0.03858071653395891 142
1733235539254 0.0385410764247179 143
1733235598451 0.03757703207731247 144
1733235657362 0.0392089666262269 145
1733235716336 0.03817564562261105 146
1733235775221 0.037563576978445055 147
1733235834041 0.03643869718015194 148
1733235892925 0.0375285398542881 149
1733235952031 0.038058737432956694 150
1733236011128 0.03582580454051495 151
1733236070248 0.03660271360725165 152
1733236129391 0.037150036317110065 153
1733236188418 0.03705943591892719 154
1733236247433 0.037600586581230167 155
1733236306262 0.03703412062227726 156
1733236365180 0.03548730570226908 157
1733236424220 0.03629321888536215 158
1733236483257 0.03563762324750423 159
1733236542161 0.03704136591851711 160
1733236600945 0.03574705750346184 161
1733236660057 0.036246521744132044 162
1733236718862 0.03410517306625843 163
1733236777864 0.03731679783165455 164
1733236836774 0.035745101976394654 165
1733236896008 0.03584696567952633 166
1733236954918 0.03599416997134686 167
1733237013942 0.0351285897731781 168
1733237073156 0.03494052140712738 169
1733237132038 0.0349211667984724 170
1733237190953 0.03397555389404297 171
1733237249968 0.03462719676494598 172
1733237309146 0.034348868340998887 173
1733237368261 0.034376843026280406 174
1733237427419 0.03313677193522453 175
1733237486320 0.03451382501125336 176
1733237545525 0.0347319008409977 177
1733237604589 0.035575394919514655 178
1733237663587 0.03350990697145462 179
1733237722409 0.03353403040468693 180
1733237781219 0.03439715577960014 181
1733237840225 0.03592055712640285 182
