1733544907662 47.023351430892944 1
1733544975914 46.795522689819336 2
1733545044073 46.77539134025574 3
1733545112756 47.26534032821655 4
1733545180940 46.855931997299194 5
1733545249358 47.079838514328 6
1733545317565 46.9989538192749 7
1733545385907 47.00114107131958 8
1733545453660 46.55012345314026 9
1733545521965 47.046311140060425 10
1733545590045 46.733848333358765 11
1733545659161 47.08698034286499 12
1733545727391 46.95645308494568 13
1733545795289 46.56285119056702 14
1733545863506 46.95763278007507 15
1733545931520 46.84632635116577 16
1733545999353 46.49891257286072 17
1733546067657 46.95833158493042 18
1733546135395 46.467010736465454 19
1733546203522 46.92087459564209 20
1733546271772 46.976094245910645 21
1733546339725 46.57674527168274 22
1733546407906 46.92299723625183 23
1733546475640 46.39629149436951 24
1733546543318 46.43701100349426 25
1733546611954 47.358068227767944 26
1733546679453 46.32159948348999 27
1733546747513 46.87609004974365 28
1733546815697 46.862428188323975 29
1733546883589 46.50373864173889 30
1733546951755 46.9066367149353 31
1733547019631 46.49696922302246 32
1733547087678 46.82640767097473 33
1733547155493 46.492204904556274 34
1733547223504 46.80240321159363 35
1733547291823 46.96163511276245 36
1733547360169 47.070204973220825 37
1733547428433 47.04746341705322 38
1733547497040 47.419244050979614 39
1733547564817 46.44881510734558 40
1733547633105 46.92448449134827 41
1733547701366 46.963521242141724 42
1733547769221 46.48508667945862 43
1733547837777 47.20636248588562 44
1733547906391 47.2712562084198 45
1733547974550 46.757365226745605 46
1733548043135 47.1711630821228 47
1733548111580 47.03833723068237 48
1733548179157 46.38609766960144 49
1733548247359 46.861902475357056 50
1733548314816 46.357664585113525 51
1733548383663 47.50350213050842 52
1733548452039 47.01714110374451 53
1733548519772 46.54449510574341 54
1733548587910 46.94100904464722 55
1733548655800 46.53706407546997 56
1733548723610 46.566566944122314 57
1733548792027 47.01796293258667 58
1733548859821 46.52787947654724 59
1733548927905 46.89884638786316 60
1733548995516 46.43250226974487 61
1733549063829 46.97044777870178 62
1733549132023 46.8953971862793 63
1733549199548 46.30938982963562 64
1733549268267 46.79749941825867 65
1733549336222 46.79691457748413 66
1733549403900 46.39784526824951 67
1733549472022 46.85408091545105 68
1733549539683 46.43812274932861 69
1733549608280 47.16393184661865 70
1733549676842 47.19308662414551 71
1733549744696 46.65240025520325 72
1733549813015 47.0095796585083 73
1733549881180 46.85243606567383 74
1733549948898 46.42183971405029 75
1733550016966 46.84977698326111 76
1733550084626 46.4010214805603 77
1733550153214 46.960383892059326 78
1733550221476 46.84442591667175 79
1733550289138 46.51676845550537 80
1733550357442 46.98235726356506 81
1733550425391 46.59968566894531 82
1733550493681 46.99299144744873 83
1733550561696 46.90549826622009 84
1733550629382 46.413044691085815 85
1733550697478 46.88767957687378 86
1733550765328 46.57905435562134 87
1733550833668 46.950862407684326 88
1733550902060 46.9990668296814 89
1733550969912 46.61319851875305 90
1733551038084 46.92120051383972 91
1733551107088 47.342066526412964 92
1733551174625 46.3710241317749 93
1733551242756 46.84289026260376 94
1733551310384 46.39015483856201 95
1733551378109 46.41504454612732 96
1733551446401 46.92834949493408 97
1733551514323 46.56724953651428 98
1733551582547 46.899187088012695 99
1733551650189 46.358203411102295 100
1733551718314 46.894683837890625 101
1733551786023 46.39447379112244 102
1733551853636 46.35144591331482 103
1733551922018 46.96524143218994 104
1733551990654 47.267003297805786 105
1733552058513 46.518760204315186 106
1733552126741 46.90095901489258 107
1733552194438 46.47010254859924 108
1733552262845 47.223108530044556 109
1733552330673 46.511444330215454 110
1733552398464 46.43498349189758 111
1733552466045 46.32337737083435 112
1733552534194 46.79267644882202 113
1733552602305 46.777854204177856 114
1733552669968 46.39874625205994 115
1733552738598 46.48471975326538 116
1733552806517 46.45709729194641 117
1733552875738 46.575851917266846 118
1733552944020 47.00724649429321 119
1733553011842 46.440019845962524 120
1733553080089 46.89189052581787 121
1733553148421 46.91552996635437 122
1733553217375 46.778372287750244 123
1733553286456 46.744168758392334 124
1733553354596 46.669904708862305 125
1733553423099 47.12917232513428 126
1733553491290 46.92297387123108 127
1733553559280 46.65016508102417 128
1733553627375 46.8857684135437 129
1733553695344 46.59518098831177 130
1733553764549 46.48246645927429 131
1733553833487 46.81219792366028 132
1733553901155 46.358755588531494 133
1733553969431 47.0099618434906 134
1733554037657 46.96390891075134 135
1733554105525 46.560794830322266 136
1733554173478 46.44520449638367 137
1733554242807 46.98212504386902 138
1733554310587 46.50943875312805 139
1733554378643 46.647411823272705 140
1733554446864 46.87233757972717 141
1733554514546 46.373209953308105 142
1733554582620 46.841187953948975 143
1733554650260 46.35005784034729 144
1733554717965 46.76095247268677 145
1733554785508 46.276087284088135 146
1733554853575 46.78119206428528 147
1733554921638 46.83247351646423 148
1733554989472 46.44443345069885 149
1733555057962 47.13732409477234 150
1733555125596 46.35493850708008 151
1733555193196 46.36504650115967 152
1733555260537 46.25087356567383 153
1733555327735 46.13911461830139 154
1733555394894 46.14796042442322 155
1733555462524 46.58173441886902 156
1733555529884 46.21817636489868 157
1733555598533 47.44608664512634 158
1733555666776 46.925015449523926 159
1733555734951 46.60417032241821 160
1733555803282 46.77594470977783 161
1733555871567 46.70387673377991 162
1733555940496 47.35218691825867 163
1733556009134 47.24321961402893 164
1733556077098 46.55178260803223 165
1733556145743 47.22524380683899 166
1733556213875 46.65385293960571 167
1733556282803 46.71753478050232 168
1733556351509 46.4002480506897 169
1733556419838 46.733922243118286 170
1733556488487 47.18737030029297 171
1733556557213 47.221394538879395 172
1733556625668 46.89514136314392 173
1733556694351 46.838552951812744 174
1733556762782 46.96057057380676 175
1733556831039 46.79307007789612 176
1733556899956 47.264769554138184 177
1733556967610 46.406442165374756 178
1733557035211 46.38818097114563 179
1733557103108 46.757718563079834 180
1733557170665 46.28801202774048 181
1733557238311 46.359519243240356 182
