1733544907664 1.5796380712509155 1
1733544975916 1.0842061786651611 2
1733545044075 0.900792214012146 3
1733545112758 0.7833420517921448 4
1733545180942 0.714026363658905 5
1733545249360 0.6566768336296082 6
1733545317566 0.6175393508911133 7
1733545385909 0.5917198960781097 8
1733545453662 0.5670955362319946 9
1733545521967 0.5483659065246582 10
1733545590047 0.5288559900283814 11
1733545659167 0.5198665212154389 12
1733545727393 0.5052405426502228 13
1733545795291 0.49458651475906373 14
1733545863508 0.48648311376571657 15
1733545931522 0.4818679141998291 16
1733545999355 0.46809343490600586 17
1733546067659 0.460873322725296 18
1733546135397 0.4621360239505768 19
1733546203524 0.4532471100330353 20
1733546271774 0.44496484270095826 21
1733546339727 0.4400928541660309 22
1733546407907 0.43091532349586487 23
1733546475642 0.43122315487861634 24
1733546543320 0.4267680875301361 25
1733546611956 0.4196583083629608 26
1733546679455 0.42160531034469606 27
1733546747515 0.41690171747207644 28
1733546815699 0.40860218696594236 29
1733546883591 0.40625751614570615 30
1733546951757 0.4075944809436798 31
1733547019633 0.3991589992046356 32
1733547087680 0.39441244292259214 33
1733547155495 0.3914247055530548 34
1733547223506 0.3908251140117645 35
1733547291825 0.39198860850334166 36
1733547360171 0.3845250277519226 37
1733547428435 0.3860841503143311 38
1733547497047 0.38302580075263976 39
1733547564819 0.37887534928321837 40
1733547633108 0.37977387933731077 41
1733547701368 0.378512393283844 42
1733547769223 0.37474713516235353 43
1733547837779 0.37454762902259825 44
1733547906393 0.368692938375473 45
1733547974552 0.3734610212802887 46
1733548043137 0.3645776271820068 47
1733548111582 0.3642020209789276 48
1733548179159 0.36851769642829896 49
1733548247361 0.3676734916210175 50
1733548314818 0.3593407558917999 51
1733548383665 0.3645272017002106 52
1733548452041 0.35440460567474363 53
1733548519774 0.3639512776851654 54
1733548587912 0.35760519518852235 55
1733548655802 0.36333938636779783 56
1733548723613 0.350993634223938 57
1733548792029 0.3544347777366638 58
1733548859823 0.3563333110332489 59
1733548927906 0.3596349944353104 60
1733548995518 0.3475603424549103 61
1733549063831 0.3461542479991913 62
1733549132025 0.35026205263137816 63
1733549199550 0.35094774827957154 64
1733549268269 0.3472163731575012 65
1733549336224 0.3474975135326385 66
1733549403902 0.342900764465332 67
1733549472024 0.35020041675567626 68
1733549539690 0.3458505838871002 69
1733549608282 0.3407952595710754 70
1733549676844 0.3437795439720154 71
1733549744698 0.33994171090126035 72
1733549813017 0.34590065698623657 73
1733549881182 0.3407506145954132 74
1733549948900 0.34519426980018614 75
1733550016968 0.33991771330833437 76
1733550084628 0.3415807925224304 77
1733550153248 0.33865034527778626 78
1733550221478 0.33756670575141906 79
1733550289140 0.33683052821159365 80
1733550357444 0.33572191834449766 81
1733550425393 0.3363164906024933 82
1733550493683 0.3430896542072296 83
1733550561698 0.33418918318748475 84
1733550629384 0.3349773592710495 85
1733550697480 0.3422731421470642 86
1733550765330 0.33522705869674685 87
1733550833670 0.3348229752063751 88
1733550902062 0.33848279423713684 89
1733550969914 0.3300929327964783 90
1733551038086 0.33440561199188235 91
1733551107091 0.2420516459465027 92
1733551174627 0.20426769065856934 93
1733551242758 0.19031884543895722 94
1733551310386 0.17817444875240326 95
1733551378111 0.17240695614814758 96
1733551446403 0.16104616478681563 97
1733551514325 0.1555832480788231 98
1733551582549 0.1531735013961792 99
1733551650197 0.14682377955913545 100
1733551718316 0.14265470795631408 101
1733551786025 0.13722654027938844 102
1733551853638 0.13466829260587693 103
1733551922047 0.12857196196317672 104
1733551990656 0.12769406913518905 105
1733552058515 0.12798542422056197 106
1733552126743 0.12015376958847046 107
1733552194440 0.11829267315864563 108
1733552262846 0.11656330975294113 109
1733552330675 0.11019771346449853 110
1733552398466 0.10924698449373245 111
1733552466047 0.10991214296817779 112
1733552534196 0.10476314442753792 113
1733552602307 0.10197104009985923 114
1733552669970 0.10059266571998596 115
1733552738644 0.10043450002670289 116
1733552806519 0.09686713304519654 117
1733552875740 0.09734688503742218 118
1733552944022 0.09029358466267585 119
1733553011844 0.09288623538613319 120
1733553080091 0.09000529413819314 121
1733553148423 0.08844389328956603 122
1733553217446 0.08697041010856628 123
1733553286458 0.08481673604249954 124
1733553354598 0.08748650848269462 125
1733553423101 0.0846418514251709 126
1733553491292 0.08097803505063057 127
1733553559282 0.07728744753599166 128
1733553627377 0.08083690853118897 129
1733553695346 0.07814026174545288 130
1733553764553 0.07731256236433982 131
1733553833489 0.0761369360089302 132
1733553901157 0.0764923357963562 133
1733553969438 0.07291814522743226 134
1733554037660 0.07184185468554496 135
1733554105527 0.07431188749670982 136
1733554173544 0.06026350582242012 137
1733554242809 0.05435850400328636 138
1733554310589 0.05147140458524227 139
1733554378645 0.05100022695064545 140
1733554446866 0.05017692540287971 141
1733554514548 0.048472510373592376 142
1733554582622 0.04792710091769695 143
1733554650262 0.04753110917210579 144
1733554717967 0.04534008542001247 145
1733554785510 0.043905208230018616 146
1733554853577 0.044535676404833795 147
1733554921640 0.0449430150449276 148
1733554989474 0.043506183096766474 149
1733555057964 0.04266612141430378 150
1733555125598 0.04069577405750752 151
1733555193199 0.04242857145369053 152
1733555260539 0.041996590137481686 153
1733555327737 0.03950676998347044 154
1733555394896 0.04077129783332348 155
1733555462526 0.040121246066689494 156
1733555529886 0.038652819293737414 157
1733555598536 0.03844210399389267 158
1733555666778 0.03896369035542011 159
1733555734953 0.03780783182829618 160
1733555803284 0.03652238233089447 161
1733555871569 0.0375721186041832 162
1733555940498 0.0361267321228981 163
1733556009136 0.0363342215269804 164
1733556077100 0.03709243350625038 165
1733556145745 0.0348733554109931 166
1733556213878 0.03527464220523834 167
1733556282805 0.03509919651001692 168
1733556351511 0.03493468998223543 169
1733556419841 0.03270817592442036 170
1733556488489 0.034328017051517966 171
1733556557220 0.03554086417257786 172
1733556625670 0.033024598090350625 173
1733556694355 0.03274679168760777 174
1733556762784 0.03273209307044744 175
1733556831041 0.03317520300745964 176
1733556899958 0.032688205565512184 177
1733556967612 0.03451175050586462 178
1733557035214 0.03209414865374565 179
1733557103110 0.03341787410080433 180
1733557170667 0.029952336996793748 181
1733557238313 0.031089944399893283 182
