1733544907670 46.987500000000004 1
1733544975921 42.5075 2
1733545044080 33.6075 3
1733545112763 29.16250000000001 4
1733545180946 25.377499999999998 5
1733545249365 23.189999999999998 6
1733545317572 25.58749999999999 7
1733545385913 20.394999999999996 8
1733545453667 25.3125 9
1733545521971 24.83999999999999 10
1733545590058 21.932500000000005 11
1733545659251 20.4675 12
1733545727397 20.60499999999999 13
1733545795296 17.7675 14
1733545863513 16.387500000000003 15
1733545931527 19.38499999999999 16
1733545999360 19.78 17
1733546067664 18.1575 18
1733546135407 17.692499999999995 19
1733546203528 16.637500000000003 20
1733546271779 15.012499999999989 21
1733546339731 16.129999999999995 22
1733546407912 16.180000000000007 23
1733546475647 16.137500000000003 24
1733546543325 17.015 25
1733546611961 16.5 26
1733546679460 15.192499999999995 27
1733546747520 15.069999999999993 28
1733546815704 17.679999999999993 29
1733546883596 15.467500000000001 30
1733546951762 15.064999999999998 31
1733547019643 13.480000000000004 32
1733547087685 14.36 33
1733547155500 15.4225 34
1733547223511 15.8275 35
1733547291830 15.5 36
1733547360176 14.409999999999997 37
1733547428440 12.717500000000001 38
1733547497053 14.685000000000002 39
1733547564824 14.579999999999998 40
1733547633113 11.674999999999997 41
1733547701373 13.980000000000004 42
1733547769227 14.534999999999997 43
1733547837784 13.024999999999991 44
1733547906397 13.36 45
1733547974557 13.834999999999994 46
1733548043142 12.807500000000005 47
1733548111587 13.524999999999991 48
1733548179164 16.167500000000004 49
1733548247366 15.567499999999995 50
1733548314823 11.947500000000005 51
1733548383669 13.40249999999999 52
1733548452046 16.242500000000007 53
1733548519778 15.632500000000007 54
1733548587916 13.777500000000003 55
1733548655806 17.325000000000003 56
1733548723617 13.267499999999998 57
1733548792033 16.7175 58
1733548859828 12.194999999999993 59
1733548927911 15.322499999999991 60
1733548995522 12.877499999999998 61
1733549063843 12.337500000000006 62
1733549132029 14.829999999999998 63
1733549199554 14.6875 64
1733549268273 15.100000000000009 65
1733549336229 13.510000000000005 66
1733549403907 13.689999999999998 67
1733549472029 14.142499999999998 68
1733549539695 13.552499999999995 69
1733549608287 13.852500000000006 70
1733549676849 15.412499999999994 71
1733549744703 13.152500000000003 72
1733549813025 12.064999999999998 73
1733549881187 14.682500000000005 74
1733549948904 12.772499999999994 75
1733550016973 12.322500000000005 76
1733550084632 15.689999999999998 77
1733550153272 13.915000000000006 78
1733550221483 13.340000000000003 79
1733550289145 14.915000000000006 80
1733550357448 13.665000000000006 81
1733550425398 14.107500000000002 82
1733550493688 12.114999999999995 83
1733550561703 15.027500000000003 84
1733550629389 12.129999999999995 85
1733550697485 17.11 86
1733550765335 14.0625 87
1733550833675 11.765 88
1733550902067 11.852499999999992 89
1733550969919 14.102499999999992 90
1733551038091 12.20750000000001 91
1733551107095 6.605000000000004 92
1733551174632 5.965000000000003 93
1733551242763 5.5625 94
1733551310391 5.367500000000007 95
1733551378116 4.922499999999999 96
1733551446408 4.847500000000011 97
1733551514330 4.615000000000009 98
1733551582553 4.377499999999998 99
1733551650202 4.287499999999994 100
1733551718321 4.019999999999996 101
1733551786030 4.1000000000000085 102
1733551853643 3.9325000000000045 103
1733551922141 3.7900000000000063 104
1733551990661 3.625 105
1733552058520 3.490000000000009 106
1733552126748 3.424999999999997 107
1733552194451 3.4099999999999966 108
1733552262851 3.1924999999999955 109
1733552330685 3.322499999999991 110
1733552398470 2.9950000000000045 111
1733552466052 2.8924999999999983 112
1733552534201 3.0 113
1733552602311 2.9099999999999966 114
1733552669975 2.792500000000004 115
1733552738665 2.819999999999993 116
1733552806524 2.8100000000000023 117
1733552875745 2.457499999999996 118
1733552944033 2.8525000000000063 119
1733553011848 2.6274999999999977 120
1733553080096 2.5375000000000085 121
1733553148427 2.7150000000000034 122
1733553217473 2.3974999999999937 123
1733553286463 3.167500000000004 124
1733553354603 2.2325000000000017 125
1733553423105 2.1899999999999977 126
1733553491296 1.9350000000000023 127
1733553559287 2.0649999999999977 128
1733553627382 2.1499999999999915 129
1733553695351 2.0024999999999977 130
1733553764563 2.052499999999995 131
1733553833493 2.2775000000000034 132
1733553901161 2.039999999999992 133
1733553969443 2.105000000000004 134
1733554037665 2.477499999999992 135
1733554105531 1.9724999999999966 136
1733554173567 1.4399999999999977 137
1733554242813 1.3074999999999903 138
1733554310594 1.2374999999999972 139
1733554378649 1.2249999999999943 140
1733554446871 1.2449999999999903 141
1733554514553 1.147500000000008 142
1733554582627 0.9874999999999972 143
1733554650267 1.0125000000000028 144
1733554717971 0.9499999999999886 145
1733554785515 1.0474999999999994 146
1733554853582 0.977499999999992 147
1733554921645 0.977499999999992 148
1733554989478 0.9750000000000085 149
1733555057969 0.9449999999999932 150
1733555125603 0.8449999999999989 151
1733555193203 0.9849999999999994 152
1733555260544 0.8650000000000091 153
1733555327742 0.8924999999999983 154
1733555394900 0.8549999999999898 155
1733555462530 0.7824999999999989 156
1733555529891 0.8474999999999966 157
1733555598540 0.7700000000000102 158
1733555666782 0.8225000000000051 159
1733555734957 0.8449999999999989 160
1733555803289 0.8100000000000023 161
1733555871573 0.7625000000000028 162
1733555940503 0.8125 163
1733556009141 0.7924999999999898 164
1733556077104 0.7600000000000051 165
1733556145750 0.7349999999999994 166
1733556213882 0.7175000000000011 167
1733556282809 0.7950000000000017 168
1733556351516 0.7524999999999977 169
1733556419847 0.75 170
1733556488494 0.7399999999999949 171
1733556557225 0.6574999999999989 172
1733556625674 0.7874999999999943 173
1733556694370 0.7049999999999983 174
1733556762788 0.6875 175
1733556831046 0.6824999999999903 176
1733556899963 0.6749999999999972 177
1733556967617 0.7000000000000028 178
1733557035218 0.6375000000000028 179
1733557103115 0.625 180
1733557170672 0.6525000000000034 181
1733557238317 0.7075000000000102 182
