1733691868704 22.537142038345337 1
1733691905107 21.136727333068848 2
1733691941752 21.20303773880005 3
1733691978633 21.346269607543945 4
1733692015176 21.142488479614258 5
1733692051546 21.108125686645508 6
1733692088413 21.25633478164673 7
1733692125183 21.3330078125 8
1733692161602 21.125730514526367 9
1733692198056 21.031296014785767 10
1733692234553 21.06377625465393 11
1733692270845 20.994781494140625 12
1733692307119 21.052521228790283 13
1733692343681 21.06496572494507 14
1733692380066 21.08031940460205 15
1733692416827 21.394933938980103 16
1733692453521 21.287008047103882 17
1733692490020 21.121341228485107 18
1733692526499 21.241238117218018 19
1733692563165 21.338152408599854 20
1733692599827 21.199748039245605 21
1733692636860 21.573708534240723 22
1733692673583 21.39350724220276 23
1733692710311 21.42092752456665 24
1733692747229 21.4372718334198 25
1733692784276 21.538840532302856 26
1733692821339 21.607145071029663 27
1733692857573 20.932146787643433 28
1733692893988 21.10187292098999 29
1733692930408 21.09121537208557 30
1733692967194 21.240043878555298 31
1733693003542 20.86692500114441 32
1733693040487 21.349611520767212 33
1733693077196 21.251316785812378 34
1733693113919 21.2747483253479 35
1733693150604 21.217594861984253 36
1733693187490 21.369579792022705 37
1733693223787 21.06107258796692 38
1733693260699 21.45094084739685 39
1733693297095 21.10374402999878 40
1733693333819 21.239280939102173 41
1733693370452 21.065937757492065 42
1733693406969 21.158464670181274 43
1733693443437 21.146508932113647 44
1733693479948 21.136680364608765 45
1733693516484 21.127103567123413 46
1733693552858 21.07591700553894 47
1733693589260 21.061512231826782 48
1733693625537 21.10551142692566 49
1733693661676 21.014607191085815 50
1733693697691 20.671972513198853 51
1733693734042 21.07576608657837 52
1733693770608 21.20238423347473 53
1733693807217 21.326783657073975 54
1733693843636 21.16136884689331 55
1733693879997 20.97155737876892 56
1733693916491 21.072906732559204 57
1733693952581 20.64588475227356 58
1733693988753 20.95037603378296 59
1733694025281 21.144911527633667 60
1733694061590 20.92737340927124 61
1733694098092 21.095133781433105 62
1733694134999 21.095531940460205 63
1733694171716 21.13438630104065 64
1733694208230 21.137847661972046 65
1733694245153 21.35198974609375 66
1733694281517 20.924182176589966 67
1733694318180 21.078016757965088 68
1733694354541 21.19497299194336 69
1733694391262 21.3068208694458 70
1733694428274 21.51310920715332 71
1733694464940 21.280365705490112 72
1733694501757 21.340818643569946 73
1733694538497 21.37028694152832 74
1733694574935 21.154825687408447 75
1733694611190 21.077603340148926 76
1733694647826 21.252055644989014 77
1733694684268 21.093403816223145 78
1733694720531 21.00131106376648 79
1733694756625 20.85965347290039 80
1733694793183 21.164714336395264 81
1733694829577 21.022045135498047 82
1733694865840 20.9914231300354 83
1733694902259 21.016119241714478 84
1733694938847 21.17161726951599 85
1733694975326 21.125159740447998 86
1733695011843 21.09407639503479 87
1733695048193 21.010128021240234 88
1733695084790 21.2460994720459 89
1733695121142 21.057188034057617 90
1733695157515 21.055252075195312 91
1733695194057 21.265361785888672 92
1733695230562 21.12157392501831 93
1733695267069 21.176464796066284 94
1733695303571 21.224170684814453 95
1733695340209 21.293678760528564 96
1733695377109 21.33735466003418 97
1733695413789 21.2856388092041 98
1733695450815 21.64680242538452 99
1733695487448 21.279325008392334 100
1733695524039 21.048535108566284 101
1733695560601 21.394092559814453 102
1733695597160 21.135409832000732 103
1733695633594 21.06391954421997 104
1733695670036 21.035945415496826 105
1733695706561 21.14150381088257 106
1733695743091 21.149651527404785 107
1733695779636 21.067487478256226 108
1733695815999 21.10074281692505 109
1733695852569 21.20461940765381 110
1733695889165 21.0619215965271 111
1733695925721 21.175235986709595 112
1733695962141 21.112445831298828 113
1733695998647 21.15703058242798 114
1733696035090 21.166051387786865 115
1733696071611 21.174612045288086 116
1733696108106 21.03923535346985 117
1733696144788 21.26380944252014 118
1733696181280 21.25180673599243 119
1733696217760 21.20335841178894 120
1733696253999 20.93173885345459 121
1733696290502 21.14397883415222 122
1733696326959 21.12144374847412 123
1733696363588 21.190037488937378 124
1733696400092 21.253724098205566 125
1733696436678 21.195963382720947 126
1733696473272 21.21341586112976 127
1733696509653 21.050965785980225 128
1733696546494 21.336662530899048 129
1733696583080 21.181602239608765 130
1733696619814 21.274423599243164 131
1733696656570 21.33239722251892 132
1733696693031 21.082440614700317 133
1733696729890 21.342625617980957 134
1733696766391 21.145160675048828 135
1733696802915 21.079710721969604 136
1733696839371 21.10413646697998 137
1733696875898 21.16689443588257 138
1733696912351 21.131349802017212 139
1733696948960 21.201181411743164 140
1733696985614 21.314528942108154 141
1733697022352 21.331562757492065 142
1733697058865 21.155385732650757 143
1733697095611 21.424827098846436 144
1733697132146 21.178428888320923 145
1733697168295 20.934279680252075 146
1733697204787 21.159552335739136 147
1733697241349 21.034897327423096 148
1733697277992 21.21282720565796 149
1733697314293 21.103336334228516 150
1733697350928 21.28998041152954 151
1733697387466 21.13537049293518 152
1733697424064 21.1382794380188 153
1733697460788 21.28297734260559 154
1733697497302 21.22333025932312 155
1733697533848 21.15717363357544 156
1733697570570 21.08901071548462 157
1733697607060 21.177800178527832 158
1733697643765 21.20429515838623 159
1733697680445 21.229100465774536 160
1733697716913 21.086318254470825 161
1733697753499 21.11586618423462 162
1733697789920 21.101340532302856 163
1733697826510 21.16512179374695 164
1733697863379 21.290011167526245 165
1733697900168 21.41122794151306 166
1733697936923 21.38155722618103 167
1733697973423 21.164605617523193 168
1733698010616 21.484519004821777 169
1733698047314 21.30354595184326 170
1733698083973 21.44350504875183 171
1733698120554 21.222776174545288 172
1733698156901 21.041062116622925 173
1733698193688 21.30005168914795 174
1733698230498 21.27779769897461 175
1733698266801 21.04646062850952 176
1733698303359 21.262237787246704 177
1733698340033 21.278005599975586 178
1733698376836 21.22075629234314 179
1733698413852 21.33122229576111 180
1733698450474 21.22305727005005 181
1733698487035 21.226009607315063 182
