1733691868774 53.39333333333333 1
1733691905158 41.357777777777784 2
1733691941801 35.215555555555554 3
1733691978688 29.873333333333335 4
1733692015225 25.239999999999995 5
1733692051605 30.513333333333335 6
1733692088462 23.01777777777778 7
1733692125231 23.88666666666667 8
1733692161652 25.084444444444443 9
1733692198112 18.27111111111111 10
1733692234609 18.222222222222214 11
1733692270904 23.531111111111116 12
1733692307166 19.488888888888894 13
1733692343737 17.486666666666665 14
1733692380122 20.74222222222221 15
1733692416878 17.577777777777783 16
1733692453582 19.768888888888895 17
1733692490071 19.177777777777777 18
1733692526549 21.40444444444445 19
1733692563215 17.615555555555545 20
1733692599885 16.768888888888895 21
1733692636912 17.20222222222222 22
1733692673636 18.382222222222225 23
1733692710363 18.888888888888886 24
1733692747279 16.28 25
1733692784325 17.09111111111112 26
1733692821386 17.53333333333333 27
1733692857622 17.36888888888889 28
1733692894054 16.977777777777774 29
1733692930467 14.76444444444445 30
1733692967253 17.111111111111114 31
1733693003596 15.293333333333337 32
1733693040540 16.273333333333326 33
1733693077256 14.475555555555559 34
1733693113967 18.46666666666667 35
1733693150665 17.075555555555553 36
1733693187538 15.446666666666658 37
1733693223837 12.777777777777771 38
1733693260762 14.620000000000005 39
1733693297150 13.480000000000004 40
1733693333873 15.49777777777777 41
1733693370508 13.98888888888888 42
1733693407028 15.562222222222218 43
1733693443488 15.171111111111117 44
1733693480018 14.404444444444437 45
1733693516533 7.86666666666666 46
1733693552910 7.188888888888883 47
1733693589323 6.717777777777783 48
1733693625586 6.428888888888878 49
1733693661724 6.004444444444445 50
1733693697740 5.926666666666662 51
1733693734109 5.682222222222222 52
1733693770658 5.486666666666665 53
1733693807276 5.13111111111111 54
1733693843710 5.146666666666661 55
1733693880055 4.933333333333337 56
1733693916544 4.7933333333333366 57
1733693952639 4.751111111111101 58
1733693988805 4.362222222222229 59
1733694025329 4.364444444444445 60
1733694061644 4.25555555555556 61
1733694098150 4.00888888888889 62
1733694135052 4.239999999999995 63
1733694171769 3.913333333333341 64
1733694208285 3.8355555555555583 65
1733694245214 3.6244444444444355 66
1733694281573 3.7133333333333383 67
1733694318232 3.5844444444444434 68
1733694354591 3.5422222222222217 69
1733694391316 3.7577777777777754 70
1733694428321 3.402222222222221 71
1733694464985 3.5177777777777806 72
1733694501810 3.4066666666666663 73
1733694538549 3.4666666666666686 74
1733694574982 3.606666666666669 75
1733694611248 3.239999999999995 76
1733694647875 3.184444444444452 77
1733694684321 3.0844444444444434 78
1733694720580 2.795555555555552 79
1733694756676 2.9399999999999977 80
1733694793231 3.0644444444444474 81
1733694829632 2.9000000000000057 82
1733694865889 3.0888888888888886 83
1733694902307 2.5844444444444434 84
1733694938907 2.748888888888885 85
1733694975385 2.6444444444444457 86
1733695011916 2.9555555555555486 87
1733695048245 2.628888888888895 88
1733695084847 2.9044444444444366 89
1733695121188 2.4266666666666623 90
1733695157568 2.551111111111112 91
1733695194113 1.8044444444444423 92
1733695230616 1.6599999999999966 93
1733695267115 1.5444444444444514 94
1733695303621 1.4777777777777743 95
1733695340260 1.4666666666666686 96
1733695377163 1.3888888888888857 97
1733695413851 1.3333333333333286 98
1733695450866 1.4311111111111217 99
1733695487516 1.3155555555555623 100
1733695524089 1.4355555555555526 101
1733695560652 1.2933333333333366 102
1733695597213 1.2999999999999972 103
1733695633643 1.1888888888888829 104
1733695670086 1.2088888888888931 105
1733695706614 1.2622222222222206 106
1733695743140 1.137777777777785 107
1733695779695 1.142222222222216 108
1733695816065 1.1311111111111103 109
1733695852632 1.2155555555555537 110
1733695889225 1.1511111111111205 111
1733695925773 1.1155555555555594 112
1733695962189 1.1533333333333218 113
1733695998699 1.1088888888888988 114
1733696035138 1.0333333333333314 115
1733696071661 1.0533333333333275 116
1733696108158 1.0533333333333275 117
1733696144837 1.015555555555565 118
1733696181331 1.0777777777777828 119
1733696217814 1.0644444444444474 120
1733696254044 0.9622222222222234 121
1733696290555 1.071111111111108 122
1733696327008 0.9111111111111114 123
1733696363647 0.968888888888884 124
1733696400144 1.015555555555565 125
1733696436738 0.9533333333333331 126
1733696473325 0.8955555555555605 127
1733696509701 0.9355555555555526 128
1733696546560 0.9444444444444429 129
1733696583131 0.9777777777777743 130
1733696619864 0.8844444444444406 131
1733696656626 0.8622222222222149 132
1733696693096 0.8933333333333309 133
1733696729942 0.9466666666666583 134
1733696766451 0.9155555555555566 135
1733696802968 0.9022222222222211 136
1733696839424 0.8711111111111052 137
1733696875962 0.9355555555555526 138
1733696912397 0.8488888888888937 139
1733696949010 0.8088888888888874 140
1733696985669 0.8222222222222229 141
1733697022405 0.8666666666666742 142
1733697058914 0.8444444444444485 143
1733697095670 0.7399999999999949 144
1733697132195 0.8822222222222109 145
1733697168359 0.826666666666668 146
1733697204836 0.8222222222222229 147
1733697241408 0.8444444444444485 148
1733697278041 0.857777777777784 149
1733697314356 0.8599999999999994 150
1733697350981 0.8155555555555623 151
1733697387522 0.7800000000000011 152
1733697424113 0.7222222222222285 153
1733697460842 0.7133333333333383 154
1733697497360 0.8533333333333246 155
1733697533898 0.7533333333333303 156
1733697570631 0.8155555555555623 157
1733697607110 0.7711111111111109 158
1733697643833 0.7844444444444463 159
1733697680499 0.7000000000000028 160
1733697716974 0.7777777777777715 161
1733697753552 0.8044444444444423 162
1733697789976 0.7800000000000011 163
1733697826559 0.8177777777777777 164
1733697863435 0.7977777777777817 165
1733697900227 0.7622222222222206 166
1733697936973 0.846666666666664 167
1733697973487 0.8088888888888874 168
1733698010663 0.7800000000000011 169
1733698047377 0.7488888888888852 170
1733698084027 0.7111111111111086 171
1733698120614 0.8288888888888835 172
1733698156954 0.7866666666666617 173
1733698193737 0.7911111111111069 174
1733698230546 0.7133333333333383 175
1733698266851 0.7111111111111086 176
1733698303412 0.806666666666672 177
1733698340085 0.7711111111111109 178
1733698376894 0.8199999999999932 179
1733698413917 0.7622222222222206 180
1733698450529 0.7933333333333366 181
1733698487088 0.8711111111111052 182
