1733226393909 37.75443935394287 1
1733226451615 37.60886549949646 2
1733226509375 37.63282251358032 3
1733226567216 37.7176513671875 4
1733226625029 37.73788857460022 5
1733226682618 37.50830626487732 6
1733226740267 37.64573121070862 7
1733226797629 37.41820931434631 8
1733226855047 37.448097467422485 9
1733226912419 37.368637800216675 10
1733226969775 37.41365027427673 11
1733227027234 37.408252239227295 12
1733227084851 37.509082555770874 13
1733227142552 37.583203077316284 14
1733227200135 37.60745143890381 15
1733227257631 37.44108486175537 16
1733227315352 37.5770206451416 17
1733227373206 37.78279161453247 18
1733227430795 37.61760973930359 19
1733227488290 37.57447838783264 20
1733227545651 37.492815017700195 21
1733227603113 37.447049617767334 22
1733227660723 37.582958459854126 23
1733227718814 37.90424370765686 24
1733227776497 37.59157705307007 25
1733227834462 37.66755223274231 26
1733227892343 37.701908349990845 27
1733227949701 37.46507215499878 28
1733228007058 37.35899496078491 29
1733228064422 37.465508222579956 30
1733228122187 37.602452516555786 31
1733228179438 37.37929010391235 32
1733228236875 37.43829154968262 33
1733228294210 37.44853973388672 34
1733228351795 37.41346764564514 35
1733228409429 37.60118865966797 36
1733228467240 37.67768597602844 37
1733228525329 37.89942979812622 38
1733228583435 37.91101908683777 39
1733228640995 37.58517527580261 40
1733228698522 37.61598563194275 41
1733228756358 37.60492992401123 42
1733228814568 37.97251605987549 43
1733228872363 37.74628782272339 44
1733228929941 37.51810383796692 45
1733228987718 37.64314126968384 46
1733229045573 37.74762535095215 47
1733229103115 37.545276165008545 48
1733229160662 37.465633392333984 49
1733229218131 37.496981382369995 50
1733229275653 37.46252942085266 51
1733229333614 37.86006164550781 52
1733229391399 37.71062707901001 53
1733229449433 37.93291401863098 54
1733229507143 37.551141023635864 55
1733229564920 37.632333278656006 56
1733229622843 37.808828830718994 57
1733229680636 37.68184304237366 58
1733229738472 37.6359498500824 59
1733229796155 37.49891471862793 60
1733229853990 37.76054811477661 61
1733229911492 37.54586362838745 62
1733229968976 37.54596543312073 63
1733230026480 37.48609948158264 64
1733230084021 37.463722705841064 65
1733230141552 37.49207425117493 66
1733230199015 37.50595164299011 67
1733230256449 37.47474908828735 68
1733230313665 37.338584899902344 69
1733230371090 37.499502658843994 70
1733230428454 37.4015417098999 71
1733230485870 37.51358652114868 72
1733230543457 37.4792685508728 73
1733230601066 37.52319002151489 74
1733230658459 37.45455026626587 75
1733230715904 37.40005445480347 76
1733230773509 37.548582553863525 77
1733230830993 37.43782877922058 78
1733230888504 37.460864782333374 79
1733230946051 37.49029278755188 80
1733231003767 37.78351807594299 81
1733231061073 37.42714214324951 82
1733231118720 37.584518909454346 83
1733231176386 37.54735064506531 84
1733231233810 37.44866967201233 85
1733231291431 37.5559618473053 86
1733231348985 37.585429668426514 87
1733231406423 37.413042068481445 88
1733231464115 37.72145390510559 89
1733231521524 37.406577348709106 90
1733231579075 37.51887083053589 91
1733231636943 37.5146427154541 92
1733231694578 37.578020334243774 93
1733231752225 37.561675786972046 94
1733231809982 37.67381310462952 95
1733231867467 37.622745513916016 96
1733231924913 37.43930244445801 97
1733231982387 37.50964713096619 98
1733232040045 37.505061864852905 99
1733232097954 37.706629276275635 100
1733232155654 37.575820446014404 101
1733232213112 37.46361255645752 102
1733232270744 37.58906054496765 103
1733232328376 37.48804473876953 104
1733232385919 37.448185443878174 105
1733232443481 37.5257682800293 106
1733232501174 37.45793962478638 107
1733232559082 37.792644739151 108
1733232616871 37.6551775932312 109
1733232674708 37.6646888256073 110
1733232732517 37.673012018203735 111
1733232790246 37.71368336677551 112
1733232848151 37.66702747344971 113
1733232906186 37.873377323150635 114
1733232963926 37.59551692008972 115
1733233021519 37.674248456954956 116
1733233078891 37.41552209854126 117
1733233136281 37.470762729644775 118
1733233193883 37.61187720298767 119
1733233251334 37.5530846118927 120
1733233308793 37.5209321975708 121
1733233366392 37.57466459274292 122
1733233424025 37.58137559890747 123
1733233481887 37.72997498512268 124
1733233539895 37.88834834098816 125
1733233597765 37.724016427993774 126
1733233655258 37.52540946006775 127
1733233712565 37.48654317855835 128
1733233769900 37.46775817871094 129
1733233827623 37.60606551170349 130
1733233885010 37.515413761138916 131
1733233942507 37.5595486164093 132
1733234000211 37.49258732795715 133
1733234058244 37.89088582992554 134
1733234116203 37.83166861534119 135
1733234173775 37.561057806015015 136
1733234231244 37.48188138008118 137
1733234288776 37.57932925224304 138
1733234346175 37.44941973686218 139
1733234403732 37.533220291137695 140
1733234461208 37.3449068069458 141
1733234518739 37.45661687850952 142
1733234576102 37.433316707611084 143
1733234633498 37.535157203674316 144
1733234690895 37.42581629753113 145
1733234748219 37.454917669296265 146
1733234805659 37.424928188323975 147
1733234862997 37.42844367027283 148
1733234920375 37.49293541908264 149
1733234977747 37.42816686630249 150
1733235035371 37.54076147079468 151
1733235092940 37.6196186542511 152
1733235150358 37.428343534469604 153
1733235207778 37.385326862335205 154
1733235265504 37.65991139411926 155
1733235323715 37.861143827438354 156
1733235381675 37.84630584716797 157
1733235439356 37.72791361808777 158
1733235497102 37.588491439819336 159
1733235554666 37.532676458358765 160
1733235612488 37.77827286720276 161
1733235670178 37.627906799316406 162
1733235727769 37.608423471450806 163
1733235785225 37.57386922836304 164
1733235842756 37.56051540374756 165
1733235900334 37.596764087677 166
1733235957885 37.565274238586426 167
1733236015313 37.528359174728394 168
1733236072756 37.4759635925293 169
1733236130286 37.658594608306885 170
1733236187880 37.49630069732666 171
1733236245768 37.72863531112671 172
1733236303385 37.603779792785645 173
1733236360941 37.49684286117554 174
1733236418402 37.49700856208801 175
1733236475883 37.548145055770874 176
1733236533561 37.60807204246521 177
1733236591465 37.78671646118164 178
1733236649535 37.83710312843323 179
1733236707411 37.79702615737915 180
1733236765425 37.852237939834595 181
1733236823242 37.72018337249756 182
