1733226393920 1.6562398529052735 1
1733226451625 1.1958895902633666 2
1733226509385 0.9820339903831482 3
1733226567226 0.8796682517051697 4
1733226625039 0.8158378348350525 5
1733226682627 0.78646187915802 6
1733226740279 0.7639943272590637 7
1733226797639 0.7438960969924927 8
1733226855056 0.7349974057197571 9
1733226912436 0.726767725276947 10
1733226969783 0.7177826771259308 11
1733227027251 0.7031525522232056 12
1733227084862 0.6933808804512024 13
1733227142562 0.6834190605163574 14
1733227200146 0.6852262266159057 15
1733227257651 0.679270562171936 16
1733227315362 0.6738271589279174 17
1733227373216 0.6791368802070618 18
1733227430806 0.6681033519744873 19
1733227488299 0.6645593687057495 20
1733227545661 0.6651482876777649 21
1733227603124 0.6583612380027771 22
1733227660732 0.6651802651405334 23
1733227718823 0.6556908845901489 24
1733227776506 0.6559144322395325 25
1733227834472 0.6503546812057495 26
1733227892354 0.6498228835105896 27
1733227949712 0.6550393179893493 28
1733228007067 0.6523407047271729 29
1733228064430 0.6470180973052978 30
1733228122198 0.6464934492111206 31
1733228179447 0.6414876398563385 32
1733228236884 0.6493735882759094 33
1733228294221 0.6452318289756774 34
1733228351805 0.6435553224563598 35
1733228409439 0.636159799194336 36
1733228467249 0.6408318859100341 37
1733228525341 0.6420318614006042 38
1733228583445 0.6417128062725067 39
1733228641003 0.6351325547218323 40
1733228698531 0.637111347579956 41
1733228756368 0.6408291111946106 42
1733228814578 0.6328870451927185 43
1733228872373 0.6323011587142945 44
1733228929952 0.63337728099823 45
1733228987729 0.6368823112487793 46
1733229045583 0.6255418540000915 47
1733229103128 0.6272121094703674 48
1733229160671 0.6277641687393188 49
1733229218141 0.6251916586875915 50
1733229275663 0.6278387541770936 51
1733229333626 0.6328771581172943 52
1733229391409 0.6268875696182251 53
1733229449443 0.6269814919471741 54
1733229507153 0.6303659520149231 55
1733229564931 0.6277714436531067 56
1733229622853 0.6247393789291382 57
1733229680645 0.6274928479194641 58
1733229738482 0.6245134286880493 59
1733229796164 0.6164145582199096 60
1733229854000 0.6228162439346313 61
1733229911502 0.6181453325271606 62
1733229968987 0.6219841957092285 63
1733230026489 0.6156959846496582 64
1733230084030 0.6217919857978821 65
1733230141562 0.6178984120368958 66
1733230199025 0.6204323343276977 67
1733230256457 0.6154088720321655 68
1733230313675 0.6149141988754272 69
1733230371102 0.6259944773674011 70
1733230428468 0.6196678942680359 71
1733230485880 0.6144477544784546 72
1733230543477 0.6163188009262085 73
1733230601076 0.6160078893661499 74
1733230658468 0.6186382380962372 75
1733230715916 0.6207324689865112 76
1733230773519 0.6129513538360596 77
1733230831004 0.6125996002197266 78
1733230888515 0.6215538187980651 79
1733230946060 0.6141305988311767 80
1733231003776 0.6178075074195862 81
1733231061082 0.6146997497558594 82
1733231118730 0.6162831502914429 83
1733231176395 0.6151753500938415 84
1733231233819 0.6133419014930725 85
1733231291441 0.6199259227752686 86
1733231348997 0.615713617515564 87
1733231406433 0.6143987011909485 88
1733231464125 0.621858537197113 89
1733231521534 0.6158067599296569 90
1733231579084 0.6121793725013733 91
1733231636955 0.4914534222126007 92
1733231694588 0.4485223701953888 93
1733231752235 0.4276101403236389 94
1733231809992 0.4188857698440552 95
1733231867478 0.4114172744750977 96
1733231924923 0.4002128803730011 97
1733231982397 0.397483492565155 98
1733232040056 0.394750713968277 99
1733232097963 0.3832987326145172 100
1733232155664 0.3792638351917267 101
1733232213121 0.3742152216911316 102
1733232270755 0.3679571597576141 103
1733232328386 0.3673186984062195 104
1733232385930 0.3664757810115814 105
1733232443491 0.3619507845878601 106
1733232501185 0.3550876100540161 107
1733232559092 0.35189986805915835 108
1733232616881 0.3479473678588867 109
1733232674717 0.3468820116043091 110
1733232732527 0.34167144818305967 111
1733232790257 0.3405365879058838 112
1733232848162 0.3395592833042145 113
1733232906196 0.33657031054496767 114
1733232963936 0.33513076746463777 115
1733233021528 0.3094455148220062 116
1733233078901 0.29533226647377014 117
1733233136291 0.29164695482254027 118
1733233193892 0.289820783162117 119
1733233251352 0.28626935482025145 120
1733233308803 0.28825158476829527 121
1733233366401 0.2899348159074783 122
1733233424036 0.28292358038425447 123
1733233481897 0.28029934659004213 124
1733233539905 0.27993318300247194 125
1733233597776 0.27860001804828644 126
1733233655270 0.27855949549674985 127
1733233712574 0.28001135120391846 128
1733233769911 0.2751681035041809 129
1733233827633 0.2749782326221466 130
1733233885019 0.27491306233406065 131
1733233942516 0.27324885227680207 132
1733234000221 0.2753172404289246 133
1733234058255 0.2756907853603363 134
1733234116214 0.2700551526784897 135
1733234173785 0.2720730419397354 136
1733234231254 0.271652214384079 137
1733234288786 0.2706131088972092 138
1733234346198 0.27087004766464234 139
1733234403742 0.27148731071949006 140
1733234461217 0.2679265327453613 141
1733234518748 0.269182718038559 142
1733234576115 0.26922731342315676 143
1733234633508 0.2679926988124847 144
1733234690906 0.2684759337902069 145
1733234748229 0.2641179283618927 146
1733234805669 0.2687763414859772 147
1733234863007 0.26526805622577665 148
1733234920384 0.26230003674030306 149
1733234977757 0.2646560344934463 150
1733235035381 0.2620604464530945 151
1733235092948 0.2613143457889557 152
1733235150368 0.2612542105674744 153
1733235207788 0.2607351313114166 154
1733235265514 0.26412313084602357 155
1733235323725 0.2604381809949875 156
1733235381685 0.2627029848575592 157
1733235439367 0.2594090181350708 158
1733235497115 0.260454327583313 159
1733235554678 0.25878809208869935 160
1733235612498 0.2588794286251068 161
1733235670187 0.25939072372913363 162
1733235727778 0.26112609505653384 163
1733235785235 0.25614921078681946 164
1733235842766 0.25461525723934175 165
1733235900344 0.2595929683446884 166
1733235957894 0.25643823317289355 167
1733236015323 0.2523177336215973 168
1733236072765 0.25422701017856597 169
1733236130295 0.25480990636348727 170
1733236187891 0.2514079866170883 171
1733236245778 0.2528306309223175 172
1733236303396 0.2527999694108963 173
1733236360950 0.2510232640504837 174
1733236418412 0.2537104391813278 175
1733236475893 0.25031106370687484 176
1733236533572 0.2504063243150711 177
1733236591474 0.25066405005455017 178
1733236649545 0.25092522904872894 179
1733236707422 0.2504205998659134 180
1733236765434 0.2463699630022049 181
1733236823252 0.24388935868740083 182
