1733226393963 59.06 1
1733226451653 42.290000000000006 2
1733226509423 39.349999999999994 3
1733226567264 44.765 4
1733226625065 36.519999999999996 5
1733226682651 30.627499999999998 6
1733226740309 31.8925 7
1733226797669 34.9025 8
1733226855080 30.545 9
1733226912467 29.915000000000006 10
1733226969807 29.53750000000001 11
1733227027277 33.86749999999999 12
1733227084891 26.444999999999993 13
1733227142600 29.8275 14
1733227200171 28.872500000000002 15
1733227257676 32.7225 16
1733227315392 33.58250000000001 17
1733227373244 32.045 18
1733227430839 35.69 19
1733227488323 28.855000000000004 20
1733227545696 33.957499999999996 21
1733227603149 36.4525 22
1733227660761 34.635000000000005 23
1733227718848 25.2825 24
1733227776531 28.0625 25
1733227834498 28.105000000000004 26
1733227892381 27.662499999999994 27
1733227949751 24.614999999999995 28
1733228007093 29.727499999999992 29
1733228064462 32.33 30
1733228122225 32.4375 31
1733228179484 26.400000000000006 32
1733228236908 24.4825 33
1733228294261 28.939999999999998 34
1733228351831 29.7825 35
1733228409473 26.980000000000004 36
1733228467276 25.972499999999997 37
1733228525366 31.7325 38
1733228583470 24.075000000000003 39
1733228641027 24.485 40
1733228698554 27.765 41
1733228756393 24.845 42
1733228814604 27.9375 43
1733228872399 26.010000000000005 44
1733228929976 26.397499999999994 45
1733228987759 31.11 46
1733229045612 26.92 47
1733229103160 33.3 48
1733229160695 25.085000000000008 49
1733229218168 28.252499999999998 50
1733229275688 27.299999999999997 51
1733229333656 24.337500000000006 52
1733229391434 27.677499999999995 53
1733229449470 30.950000000000003 54
1733229507183 29.52749999999999 55
1733229564964 23.977499999999992 56
1733229622878 28.054999999999993 57
1733229680671 35.8875 58
1733229738507 29.57499999999999 59
1733229796190 24.64 60
1733229854028 23.78 61
1733229911528 26.247500000000002 62
1733229969013 30.50500000000001 63
1733230026516 32.24000000000001 64
1733230084055 28.025000000000006 65
1733230141586 27.862499999999997 66
1733230199050 21.442499999999995 67
1733230256481 31.39999999999999 68
1733230313701 30.305000000000007 69
1733230371132 26.394999999999996 70
1733230428492 29.695000000000007 71
1733230485908 25.9225 72
1733230543502 82.03999999999999 73
1733230601107 28.097499999999997 74
1733230658497 25.53750000000001 75
1733230715942 27.887500000000003 76
1733230773554 24.012500000000003 77
1733230831033 23.345 78
1733230888551 38.4675 79
1733230946084 36.3575 80
1733231003801 32.1225 81
1733231061107 29.972499999999997 82
1733231118754 26.305000000000007 83
1733231176425 27.845 84
1733231233844 24.632500000000007 85
1733231291467 28.560000000000002 86
1733231349027 30.582499999999996 87
1733231406458 31.540000000000006 88
1733231464152 33.72 89
1733231521559 29.71249999999999 90
1733231579110 29.21249999999999 91
1733231636989 14.667500000000004 92
1733231694615 13.987499999999997 93
1733231752261 13.515 94
1733231810018 12.985 95
1733231867506 12.837500000000006 96
1733231924950 12.972499999999997 97
1733231982423 12.532499999999999 98
1733232040084 12.597499999999997 99
1733232097989 12.237499999999997 100
1733232155689 12.512500000000003 101
1733232213148 12.382499999999993 102
1733232270785 11.439999999999998 103
1733232328410 11.79249999999999 104
1733232385957 11.532499999999999 105
1733232443515 11.545000000000002 106
1733232501210 11.944999999999993 107
1733232559119 11.802500000000009 108
1733232616906 11.405000000000001 109
1733232674743 11.027500000000003 110
1733232732551 11.127499999999998 111
1733232790281 11.177499999999995 112
1733232848188 11.712500000000006 113
1733232906220 11.5625 114
1733232963964 11.1725 115
1733233021555 9.397500000000008 116
1733233078931 9.387500000000003 117
1733233136319 9.382500000000007 118
1733233193918 9.267499999999998 119
1733233251377 9.072499999999991 120
1733233308831 9.19250000000001 121
1733233366437 8.907499999999999 122
1733233424065 8.97250000000001 123
1733233481931 8.905000000000001 124
1733233539930 9.025000000000006 125
1733233597820 8.840000000000003 126
1733233655302 8.829999999999998 127
1733233712610 8.982500000000002 128
1733233769945 8.722499999999997 129
1733233827660 8.825000000000003 130
1733233885044 8.6725 131
1733233942542 8.867499999999993 132
1733234000245 8.555000000000007 133
1733234058281 8.6875 134
1733234116243 8.757499999999993 135
1733234173815 8.590000000000003 136
1733234231281 8.66749999999999 137
1733234288814 8.532499999999999 138
1733234346228 8.66749999999999 139
1733234403768 8.387500000000003 140
1733234461248 8.594999999999999 141
1733234518772 8.445000000000007 142
1733234576153 8.5625 143
1733234633538 8.492500000000007 144
1733234690932 8.392499999999998 145
1733234748254 8.655000000000001 146
1733234805693 8.445000000000007 147
1733234863034 8.530000000000001 148
1733234920409 8.467500000000001 149
1733234977783 8.435000000000002 150
1733235035410 8.355000000000004 151
1733235092979 8.292500000000004 152
1733235150391 8.409999999999997 153
1733235207823 8.232500000000002 154
1733235265538 8.265 155
1733235323760 8.225000000000009 156
1733235381714 8.2025 157
1733235439396 8.165000000000006 158
1733235497148 8.079999999999998 159
1733235554706 8.127499999999998 160
1733235612525 8.280000000000001 161
1733235670212 8.155000000000001 162
1733235727803 8.14 163
1733235785259 8.069999999999993 164
1733235842801 7.965000000000003 165
1733235900370 8.107500000000002 166
1733235957933 8.015 167
1733236015348 8.165000000000006 168
1733236072800 7.9325000000000045 169
1733236130321 7.920000000000002 170
1733236187922 8.032499999999999 171
1733236245803 7.984999999999999 172
1733236303426 7.935000000000002 173
1733236360974 8.064999999999998 174
1733236418436 8.05749999999999 175
1733236475921 7.8075000000000045 176
1733236533598 7.859999999999999 177
1733236591508 7.977500000000006 178
1733236649570 7.8799999999999955 179
1733236707455 7.7875000000000085 180
1733236765459 7.927499999999995 181
1733236823287 7.8374999999999915 182
