1733667451814 40.915159702301025 1
1733667521327 40.785831451416016 2
1733667590728 40.83477473258972 3
1733667660323 40.97520923614502 4
1733667729882 40.914039850234985 5
1733667799403 40.90935277938843 6
1733667869098 40.883872270584106 7
1733667938823 40.82615947723389 8
1733668008621 40.83061075210571 9
1733668078531 41.08499789237976 10
1733668148161 40.87415957450867 11
1733668217707 40.84556484222412 12
1733668287375 40.98441481590271 13
1733668357082 40.873526096343994 14
1733668426812 40.9269745349884 15
1733668496498 40.88921880722046 16
1733668566187 40.83706259727478 17
1733668636201 41.01049327850342 18
1733668706010 40.955636739730835 19
1733668775650 40.997151613235474 20
1733668845444 40.85285019874573 21
1733668915069 40.86854529380798 22
1733668984784 40.96857738494873 23
1733669054418 40.813358783721924 24
1733669124018 40.81955623626709 25
1733669193592 40.80798578262329 26
1733669263185 40.83302164077759 27
1733669332806 40.90283226966858 28
1733669402251 40.77795433998108 29
1733669471685 40.79252028465271 30
1733669541206 40.800740480422974 31
1733669610741 40.85194969177246 32
1733669680298 40.86024785041809 33
1733669749934 40.839619874954224 34
1733669819812 41.02698612213135 35
1733669889364 40.88509249687195 36
1733669959212 40.824257135391235 37
1733670028570 40.77026152610779 38
1733670098016 40.73049211502075 39
1733670167603 40.818713426589966 40
1733670237072 40.852906942367554 41
1733670306717 40.8842134475708 42
1733670376590 40.96902680397034 43
1733670445972 40.77318239212036 44
1733670515358 40.8047993183136 45
1733670584772 40.82864308357239 46
1733670654304 40.85565805435181 47
1733670723976 40.89395713806152 48
1733670793589 40.93224740028381 49
1733670863063 40.815531969070435 50
1733670932726 40.931747913360596 51
1733671002331 40.76751446723938 52
1733671071749 40.71554350852966 53
1733671141110 40.78181314468384 54
1733671210731 40.92320704460144 55
1733671280326 40.86880612373352 56
1733671349740 40.8126904964447 57
1733671419205 40.85431385040283 58
1733671488754 40.8375403881073 59
1733671558190 40.80695557594299 60
1733671627779 40.83675026893616 61
1733671697293 40.75033497810364 62
1733671767165 40.96485733985901 63
1733671836842 40.89456009864807 64
1733671906545 41.06130862236023 65
1733671975895 40.768338441848755 66
1733672045654 40.92480516433716 67
1733672115240 40.78915572166443 68
1733672184883 40.87619376182556 69
1733672254427 40.856635332107544 70
1733672323656 40.68601155281067 71
1733672393138 40.84760236740112 72
1733672462576 40.825305700302124 73
1733672532157 40.811872720718384 74
1733672601612 40.816622257232666 75
1733672671265 40.89316272735596 76
1733672740324 40.65652012825012 77
1733672809561 40.66252303123474 78
1733672878539 40.53006958961487 79
1733672947559 40.57681918144226 80
1733673016685 40.543214321136475 81
1733673086103 40.677499771118164 82
1733673155448 40.588826417922974 83
1733673224766 40.50806427001953 84
1733673293835 40.559441566467285 85
1733673362778 40.54780197143555 86
1733673431771 40.423038721084595 87
1733673500889 40.55988621711731 88
1733673569924 40.600343465805054 89
1733673639045 40.532360792160034 90
1733673708142 40.601956367492676 91
1733673777216 40.56834363937378 92
1733673846529 40.586385011672974 93
1733673915652 40.52968692779541 94
1733673985000 40.67118501663208 95
1733674053944 40.47805881500244 96
1733674122974 40.46278691291809 97
1733674192193 40.49705743789673 98
1733674261440 40.65682601928711 99
1733674330687 40.69584321975708 100
1733674399810 40.62499380111694 101
1733674468863 40.495898962020874 102
1733674537988 40.61345911026001 103
1733674607165 40.5826096534729 104
1733674676224 40.5506432056427 105
1733674745394 40.56907510757446 106
1733674814690 40.535768270492554 107
1733674883849 40.5175039768219 108
1733674953047 40.574315309524536 109
1733675022088 40.53829598426819 110
1733675091273 40.62109565734863 111
1733675160365 40.56991362571716 112
1733675229412 40.53370690345764 113
1733675298461 40.55728888511658 114
1733675367520 40.5346884727478 115
1733675436666 40.441046476364136 116
1733675505658 40.50558352470398 117
1733675574713 40.539722204208374 118
1733675643624 40.48221039772034 119
1733675712833 40.56173491477966 120
1733675781867 40.554150342941284 121
1733675851042 40.57972192764282 122
1733675920113 40.4923529624939 123
1733675989029 40.418893575668335 124
1733676058196 40.64655113220215 125
1733676127195 40.59363579750061 126
1733676196161 40.49082660675049 127
1733676265374 40.540080308914185 128
1733676334458 40.58023691177368 129
1733676403575 40.57594037055969 130
1733676472628 40.4693329334259 131
1733676541518 40.402358055114746 132
1733676610501 40.55787229537964 133
1733676679655 40.54910326004028 134
1733676748754 40.5372531414032 135
1733676817924 40.655412673950195 136
1733676886942 40.53836417198181 137
1733676956146 40.668622732162476 138
1733677025217 40.57542848587036 139
1733677094264 40.58644700050354 140
1733677163405 40.641560316085815 141
1733677232554 40.55965256690979 142
1733677301749 40.59916615486145 143
1733677370786 40.60970377922058 144
1733677439954 40.59029579162598 145
1733677509179 40.60922360420227 146
1733677578310 40.560762882232666 147
