1733667451836 54.108000000000004 1
1733667521347 41.891999999999996 2
1733667590748 37.4 3
1733667660344 31.848 4
1733667729902 30.495999999999995 5
1733667799427 29.088000000000008 6
1733667869119 25.358000000000004 7
1733667938843 25.352000000000004 8
1733668008644 26.49000000000001 9
1733668078551 21.25399999999999 10
1733668148181 19.188000000000002 11
1733668217728 23.86399999999999 12
1733668287395 20.135999999999996 13
1733668357109 17.622 14
1733668426836 17.263999999999996 15
1733668496531 16.313999999999993 16
1733668566209 16.590000000000003 17
1733668636224 16.828000000000003 18
1733668706037 15.018 19
1733668775671 15.259999999999991 20
1733668845468 14.400000000000006 21
1733668915102 16.088000000000008 22
1733668984808 13.579999999999998 23
1733669054448 12.766000000000005 24
1733669124044 13.061999999999998 25
1733669193612 12.010000000000005 26
1733669263208 12.16000000000001 27
1733669332825 12.299999999999997 28
1733669402272 13.799999999999997 29
1733669471705 12.831999999999994 30
1733669541228 13.096000000000004 31
1733669610763 11.180000000000007 32
1733669680324 12.194000000000003 33
1733669749959 10.834000000000003 34
1733669819834 11.831999999999994 35
1733669889389 11.659999999999997 36
1733669959239 14.86 37
1733670028594 9.984000000000009 38
1733670098041 9.50800000000001 39
1733670167628 9.536000000000001 40
1733670237098 11.128 41
1733670306744 12.649999999999991 42
1733670376620 9.685999999999993 43
1733670445995 10.626000000000005 44
1733670515378 10.099999999999994 45
1733670584797 9.968000000000004 46
1733670654325 8.745999999999995 47
1733670723997 9.896 48
1733670793613 8.61800000000001 49
1733670863083 8.384 50
1733670932748 9.111999999999995 51
1733671002353 7.597999999999999 52
1733671071771 9.545999999999992 53
1733671141131 9.567999999999998 54
1733671210752 8.49600000000001 55
1733671280348 7.438000000000002 56
1733671349761 7.7960000000000065 57
1733671419235 8.509999999999991 58
1733671488776 7.179999999999993 59
1733671558223 7.921999999999997 60
1733671627799 8.688000000000002 61
1733671697314 9.403999999999996 62
1733671767186 7.347999999999999 63
1733671836863 7.372 64
1733671906565 8.308000000000007 65
1733671975915 8.572000000000003 66
1733672045676 7.492000000000004 67
1733672115260 8.233999999999995 68
1733672184905 8.411999999999992 69
1733672254447 6.8559999999999945 70
1733672323675 7.0120000000000005 71
1733672393167 7.945999999999998 72
1733672462595 6.878 73
1733672532178 6.682000000000002 74
1733672601636 6.757999999999996 75
1733672671286 6.423999999999992 76
1733672740344 6.528000000000006 77
1733672809589 6.942000000000007 78
1733672878559 8.090000000000003 79
1733672947582 6.742000000000004 80
1733673016714 6.451999999999998 81
1733673086130 8.37400000000001 82
1733673155469 6.817999999999998 83
1733673224787 6.635999999999996 84
1733673293856 7.233999999999995 85
1733673362799 6.921999999999997 86
1733673431793 7.189999999999998 87
1733673500914 6.256 88
1733673569946 6.415999999999997 89
1733673639066 7.311999999999998 90
1733673708162 5.840000000000003 91
1733673777238 3.1440000000000055 92
1733673846555 2.7379999999999995 93
1733673915672 2.5120000000000005 94
1733673985021 2.225999999999999 95
1733674053965 2.156000000000006 96
1733674123003 2.0619999999999976 97
1733674192215 1.9379999999999882 98
1733674261462 1.9120000000000061 99
1733674330715 1.8979999999999961 100
1733674399833 1.7279999999999944 101
1733674468883 1.6059999999999945 102
1733674538009 1.4519999999999982 103
1733674607188 1.475999999999999 104
1733674676245 1.358000000000004 105
1733674745418 1.3260000000000076 106
1733674814715 1.3059999999999974 107
1733674883871 1.2719999999999914 108
1733674953067 1.1159999999999997 109
1733675022111 1.3179999999999978 110
1733675091293 1.2519999999999953 111
1733675160386 1.1260000000000048 112
1733675229431 1.1140000000000043 113
1733675298482 1.0999999999999943 114
1733675367541 1.019999999999996 115
1733675436686 1.0 116
1733675505695 0.8780000000000001 117
1733675574734 0.7719999999999914 118
1733675643651 0.7999999999999972 119
1733675712861 0.7700000000000102 120
1733675781889 0.7519999999999953 121
1733675851064 0.7780000000000058 122
1733675920143 0.7319999999999993 123
1733675989050 0.7219999999999942 124
1733676058220 0.6820000000000022 125
1733676127216 0.7660000000000053 126
1733676196180 0.6760000000000019 127
1733676265396 0.6619999999999919 128
1733676334485 0.6920000000000073 129
1733676403597 0.695999999999998 130
1733676472650 0.7079999999999984 131
1733676541538 0.7360000000000042 132
1733676610531 0.7199999999999989 133
1733676679675 0.6440000000000055 134
1733676748776 0.6440000000000055 135
1733676817954 0.6499999999999915 136
1733676886969 0.6779999999999973 137
1733676956168 0.6700000000000017 138
1733677025240 0.597999999999999 139
1733677094285 0.6080000000000041 140
1733677163431 0.6580000000000013 141
1733677232574 0.6080000000000041 142
1733677301769 0.597999999999999 143
1733677370807 0.5919999999999987 144
1733677439976 0.6419999999999959 145
1733677509214 0.6260000000000048 146
1733677578331 0.5859999999999985 147
