1733667451826 1.768468052520752 1
1733667521338 1.2918617377090453 2
1733667590739 1.088981022415161 3
1733667660334 0.949424884967804 4
1733667729893 0.8453837156677246 5
1733667799416 0.7626921670913697 6
1733667869109 0.7137941950035095 7
1733667938834 0.6673237800598144 8
1733668008633 0.6300511123275757 9
1733668078542 0.5913341027450562 10
1733668148171 0.5638212901687623 11
1733668217718 0.5416365352249145 12
1733668287386 0.5164472889900208 13
1733668357096 0.49959542763710024 14
1733668426825 0.48330729707717895 15
1733668496509 0.4712515321540833 16
1733668566200 0.4556550112247467 17
1733668636213 0.4405657786464691 18
1733668706024 0.4321778006362915 19
1733668775661 0.414428501701355 20
1733668845457 0.40582158569335935 21
1733668915082 0.40176696053028105 22
1733668984796 0.3873788655090332 23
1733669054428 0.3800604350948334 24
1733669124032 0.36822156074523926 25
1733669193603 0.35781003862380983 26
1733669263195 0.3551361447715759 27
1733669332816 0.34717851730346677 28
1733669402263 0.3440529241704941 29
1733669471695 0.3371019594860077 30
1733669541217 0.33215510932922365 31
1733669610754 0.3220209363269806 32
1733669680312 0.3203011791038513 33
1733669749947 0.31227031448364256 34
1733669819823 0.30771722304821014 35
1733669889377 0.30657465339660644 36
1733669959226 0.29755845964431765 37
1733670028583 0.2954048849105835 38
1733670098028 0.29062429768562315 39
1733670167616 0.2869707149600983 40
1733670237084 0.28161584880828855 41
1733670306731 0.27576364362716677 42
1733670376605 0.27474493107795717 43
1733670445984 0.2750090319728851 44
1733670515369 0.2667684217739105 45
1733670584785 0.2616782714986801 46
1733670654315 0.25608117926597596 47
1733670723988 0.25597322784423826 48
1733670793602 0.2545656830215454 49
1733670863073 0.25108445384025574 50
1733670932737 0.2501355669593811 51
1733671002342 0.24543451082229614 52
1733671071761 0.24572949078559875 53
1733671141121 0.24002164607048035 54
1733671210742 0.24222883679389953 55
1733671280338 0.23781583026885986 56
1733671349751 0.23510515310287475 57
1733671419216 0.23525737164974211 58
1733671488766 0.23056115655899048 59
1733671558213 0.2274658088874817 60
1733671627790 0.22780779760360717 61
1733671697304 0.23062485724449158 62
1733671767176 0.22215099780082703 63
1733671836853 0.22065180166244508 64
1733671906555 0.21839378425598144 65
1733671975906 0.22023175024032593 66
1733672045666 0.21886290791988372 67
1733672115251 0.21571534185886382 68
1733672184895 0.21356428440093994 69
1733672254437 0.21502187749385834 70
1733672323667 0.2094890830230713 71
1733672393157 0.2108407945537567 72
1733672462586 0.2079994341468811 73
1733672532168 0.20274417961597443 74
1733672601626 0.20302572412014008 75
1733672671276 0.20027746408939362 76
1733672740335 0.20339687435150147 77
1733672809578 0.20468318657398224 78
1733672878550 0.20151605147361756 79
1733672947571 0.19962504479408263 80
1733673016696 0.19744283063173293 81
1733673086118 0.1975159681224823 82
1733673155459 0.19985098514556884 83
1733673224777 0.19333543009757995 84
1733673293846 0.19587302403926848 85
1733673362789 0.19240238445281982 86
1733673431783 0.19104795986652373 87
1733673500901 0.1925663857936859 88
1733673569936 0.19286653111457824 89
1733673639056 0.18804889463424682 90
1733673708153 0.19368314204216003 91
1733673777227 0.12395164106845856 92
1733673846543 0.09858076809883118 93
1733673915663 0.08931896336078644 94
1733673985011 0.08279457883834838 95
1733674053955 0.07885074408531188 96
1733674122993 0.07349044366121292 97
1733674192205 0.06811148895144463 98
1733674261452 0.0662921537142992 99
1733674330699 0.06456558582186699 100
1733674399822 0.06339401785373688 101
1733674468874 0.05813928704023361 102
1733674537998 0.05764258335828781 103
1733674607178 0.05518344018340111 104
1733674676235 0.05384073575735092 105
1733674745407 0.05285245449438691 106
1733674814703 0.05006536481380463 107
1733674883860 0.048840934479236604 108
1733674953058 0.04713851351857185 109
1733675022100 0.04565020330905914 110
1733675091284 0.04591115641355514 111
1733675160376 0.04296952034950256 112
1733675229422 0.04429158367037773 113
1733675298473 0.04132699296474457 114
1733675367531 0.03949410667419433 115
1733675436677 0.03490870294094086 116
1733675505669 0.03489359058201313 117
1733675574724 0.034168779722452164 118
1733675643639 0.03319178784251213 119
1733675712845 0.030941396633386613 120
1733675781879 0.03200222662895918 121
1733675851054 0.031168905596733094 122
1733675920124 0.031628019998669626 123
1733675989040 0.030390679698586463 124
1733676058209 0.03004708282351494 125
1733676127206 0.029756977338194848 126
1733676196171 0.029926629036664962 127
1733676265386 0.03037073934853077 128
1733676334472 0.029412874163389207 129
1733676403587 0.030430901520252226 130
1733676472640 0.029656534398794173 131
1733676541529 0.02877045080304146 132
1733676610518 0.030291984028816225 133
1733676679666 0.028554636549651624 134
1733676748766 0.02846561305999756 135
1733676817937 0.027937550278902053 136
1733676886956 0.029434892640709878 137
1733676956158 0.028717331010103226 138
1733677025230 0.028505107495188715 139
1733677094276 0.027323917610049247 140
1733677163419 0.027689172505140306 141
1733677232565 0.028214780637025833 142
1733677301760 0.027166404036283492 143
1733677370798 0.02566291525542736 144
1733677439965 0.027503681170344352 145
1733677509202 0.028168209453225134 146
1733677578322 0.027475945918262006 147
