1732746902625 55.30115723609924 1
1732746975253 52.55461263656616 2
1732747048179 52.63327240943909 3
1732747121302 52.796319007873535 4
1732747192721 52.1063346862793 5
1732747265180 52.3762948513031 6
1732747337691 52.2423620223999 7
1732747411525 53.33311915397644 8
1732747484512 53.30389857292175 9
1732747558585 53.59348821640015 10
1732747632450 53.387569189071655 11
1732747706742 53.41985630989075 12
1732747780958 53.63223671913147 13
1732747855189 53.714160442352295 14
1732747929041 53.353774070739746 15
1732748002154 53.539151668548584 16
1732748076105 53.334269762039185 17
1732748149889 53.337459564208984 18
1732748223682 53.264147996902466 19
1732748297716 53.308385610580444 20
1732748371545 53.363566637039185 21
1732748445232 53.430646657943726 22
1732748519048 53.323293685913086 23
1732748592879 53.28046917915344 24
1732748666625 53.31230163574219 25
1732748740540 53.47719931602478 26
1732748814133 53.27481412887573 27
1732748888585 53.320221185684204 28
1732748962641 53.716957330703735 29
1732749036026 53.03091645240784 30
1732749109543 53.21564602851868 31
1732749183213 53.30514645576477 32
1732749256345 53.596402406692505 33
1732749330298 53.531928300857544 34
1732749403671 53.08911657333374 35
1732749477421 53.35465145111084 36
1732749551372 53.36846470832825 37
1732749625162 53.342206954956055 38
1732749698809 53.19834494590759 39
1732749772556 53.37833642959595 40
1732749846377 53.31753444671631 41
1732749920119 53.40806317329407 42
1732749993927 53.33256006240845 43
1732750067583 53.27396035194397 44
1732750141570 53.410123109817505 45
1732750214999 53.30911874771118 46
1732750288407 53.05573344230652 47
1732750362134 53.199602365493774 48
1732750436497 53.59999394416809 49
1732750510762 53.70716381072998 50
1732750584736 53.62686824798584 51
1732750658917 53.61368227005005 52
1732750733040 53.48798680305481 53
1732750807050 53.60434699058533 54
1732750881172 53.552387952804565 55
1732750955334 53.505144119262695 56
1732751029096 53.40973377227783 57
1732751103023 53.428778886795044 58
1732751176632 53.18142628669739 59
1732751250418 53.25725769996643 60
1732751324037 53.302146434783936 61
1732751397920 53.398141384124756 62
1732751471393 53.18000078201294 63
1732751545439 53.47547483444214 64
1732751619199 53.26677203178406 65
1732751692990 53.36038088798523 66
1732751766851 53.42950463294983 67
1732751840846 53.40665149688721 68
1732751914820 53.479058265686035 69
1732751988536 53.193174839019775 70
1732752061889 53.012810707092285 71
1732752135499 53.132487297058105 72
1732752209184 53.20231032371521 73
1732752282702 53.214558124542236 74
1732752356536 53.43803262710571 75
1732752430468 53.274224519729614 76
1732752504210 53.26543307304382 77
1732752578196 53.45128846168518 78
1732752652226 53.445154666900635 79
1732752726377 53.325045585632324 80
1732752800154 53.375532150268555 81
1732752874054 53.389591217041016 82
1732752948016 53.46929097175598 83
1732753022112 53.44310545921326 84
1732753096100 53.48527956008911 85
1732753170314 53.39561462402344 86
1732753244145 53.30441451072693 87
1732753317684 53.11792278289795 88
1732753391455 53.30698251724243 89
1732753465225 53.396777629852295 90
1732753539026 53.2819402217865 91
1732753612712 53.17550492286682 92
1732753686197 53.082860708236694 93
1732753759778 53.2088987827301 94
1732753833397 53.13936161994934 95
1732753907041 53.169517993927 96
1732753980653 53.3069794178009 97
1732754054713 53.48705434799194 98
1732754130052 54.762542724609375 99
1732754203853 53.363505601882935 100
1732754277866 53.56286573410034 101
1732754351617 53.29429221153259 102
1732754425629 53.423378467559814 103
1732754499402 53.372923374176025 104
1732754573497 53.56228685379028 105
1732754647533 53.549694776535034 106
1732754721463 53.23249888420105 107
1732754795256 53.37787342071533 108
1732754869276 53.44769644737244 109
1732754943289 53.4084575176239 110
1732755017263 53.35487079620361 111
1732755091090 53.35079646110535 112
1732755165028 53.5447473526001 113
1732755239165 53.472649574279785 114
1732755313105 53.323267698287964 115
1732755387134 53.49834060668945 116
1732755461254 53.42191553115845 117
1732755535729 53.656357288360596 118
1732755609660 53.43550419807434 119
1732755683455 53.37014365196228 120
1732755757450 53.38182306289673 121
1732755831285 53.35500383377075 122
1732755905058 53.338597536087036 123
1732755978717 53.246827602386475 124
1732756052885 53.56542468070984 125
1732756126815 53.42231297492981 126
1732756200798 53.428553104400635 127
1732756275013 53.49211001396179 128
1732756348999 53.292168378829956 129
1732756423077 53.49502682685852 130
1732756496754 53.27481818199158 131
1732756570271 53.10314869880676 132
1732756644099 53.067291259765625 133
1732756717723 53.267401933670044 134
1732756791178 53.13087010383606 135
1732756865010 53.28416109085083 136
1732756939182 53.48305106163025 137
1732757013100 53.4055278301239 138
1732757087002 53.50224947929382 139
1732757161043 53.43904376029968 140
1732757234845 53.27693200111389 141
1732757308632 53.31815791130066 142
1732757382448 53.36440968513489 143
1732757456243 53.25423502922058 144
1732757530068 53.35861825942993 145
1732757603777 53.2442684173584 146
1732757677720 53.307881593704224 147
1732757751582 53.250168323516846 148
1732757825200 53.181177377700806 149
1732757898889 53.33163237571716 150
1732757972626 53.33827185630798 151
1732758046473 53.34719371795654 152
1732758120121 53.27834463119507 153
1732758193566 53.19555163383484 154
1732758267339 53.26650834083557 155
1732758341566 53.469215869903564 156
1732758415654 53.50608420372009 157
1732758489839 53.62730360031128 158
1732758563983 53.40754318237305 159
1732758636739 52.525864601135254 160
1732758709234 52.42681384086609 161
1732758781619 52.21676516532898 162
1732758854131 52.33501076698303 163
1732758928380 53.673457622528076 164
1732759002033 53.23194718360901 165
1732759075943 53.50250053405762 166
1732759149745 53.232112646102905 167
1732759223536 53.385653018951416 168
1732759297224 53.2978196144104 169
1732759371064 53.353845834732056 170
1732759444979 53.295509338378906 171
1732759518835 53.40421915054321 172
1732759592590 53.29341244697571 173
1732759666763 53.597090005874634 174
1732759740938 53.45833659172058 175
1732759815000 53.4889931678772 176
1732759888887 53.403321981430054 177
1732759962631 53.31069898605347 178
1732760036323 53.079455852508545 179
1732760110013 53.27690148353577 180
1732760183648 53.24900817871094 181
1732760257209 53.06525659561157 182
