1732746902625 67.47800000000001 1
1732746975253 58.296 2
1732747048180 50.779999999999994 3
1732747121302 34.38600000000001 4
1732747192722 34.56 5
1732747265180 27.546000000000006 6
1732747337692 28.932000000000002 7
1732747411525 26.47800000000001 8
1732747484513 27.36 9
1732747558585 25.248000000000005 10
1732747632451 24.811999999999998 11
1732747706742 21.590000000000003 12
1732747780959 18.013999999999996 13
1732747855190 18.598 14
1732747929042 20.789999999999992 15
1732748002155 20.662000000000006 16
1732748076106 18.072000000000003 17
1732748149890 15.751999999999995 18
1732748223682 17.048000000000002 19
1732748297717 15.310000000000002 20
1732748371546 17.450000000000003 21
1732748445232 15.408000000000001 22
1732748519048 16.476 23
1732748592880 15.314000000000007 24
1732748666626 14.25 25
1732748740541 13.644000000000005 26
1732748814134 18.5 27
1732748888586 15.433999999999997 28
1732748962642 14.090000000000003 29
1732749036027 14.969999999999999 30
1732749109544 13.902000000000001 31
1732749183214 13.560000000000002 32
1732749256346 14.495999999999995 33
1732749330299 12.591999999999999 34
1732749403672 18.037999999999997 35
1732749477422 12.036000000000001 36
1732749551373 13.701999999999998 37
1732749625163 18.305999999999997 38
1732749698810 16.596000000000004 39
1732749772556 11.147999999999996 40
1732749846378 11.513999999999996 41
1732749920120 13.975999999999999 42
1732749993928 13.671999999999997 43
1732750067584 12.783999999999992 44
1732750141571 13.855999999999995 45
1732750215000 17.194000000000003 46
1732750288407 12.760000000000005 47
1732750362135 13.975999999999999 48
1732750436497 14.436000000000007 49
1732750510763 12.278000000000006 50
1732750584737 14.170000000000002 51
1732750658918 15.902000000000001 52
1732750733040 13.846000000000004 53
1732750807051 10.86399999999999 54
1732750881173 12.951999999999998 55
1732750955334 10.597999999999999 56
1732751029097 12.007999999999996 57
1732751103023 10.509999999999991 58
1732751176632 11.147999999999996 59
1732751250418 11.539999999999992 60
1732751324038 11.350000000000009 61
1732751397921 12.646 62
1732751471394 11.408000000000001 63
1732751545440 10.043999999999997 64
1732751619200 11.439999999999998 65
1732751692991 11.89 66
1732751766852 11.117999999999995 67
1732751840847 11.802000000000007 68
1732751914821 11.001999999999995 69
1732751988537 14.530000000000001 70
1732752061890 10.475999999999999 71
1732752135500 9.277999999999992 72
1732752209185 10.562000000000012 73
1732752282703 11.197999999999993 74
1732752356537 13.01400000000001 75
1732752430468 9.268 76
1732752504211 11.168000000000006 77
1732752578196 12.882000000000005 78
1732752652226 11.019999999999996 79
1732752726377 10.972000000000008 80
1732752800155 10.438000000000002 81
1732752874055 11.058000000000007 82
1732752948017 12.019999999999996 83
1732753022113 10.245999999999995 84
1732753096101 13.905999999999992 85
1732753170315 13.676000000000002 86
1732753244146 10.968000000000004 87
1732753317684 12.983999999999995 88
1732753391455 11.182000000000002 89
1732753465225 9.225999999999999 90
1732753539027 11.436000000000007 91
1732753612713 4.325999999999993 92
1732753686198 3.872 93
1732753759779 3.6000000000000085 94
1732753833398 3.2240000000000038 95
1732753907042 2.9780000000000086 96
1732753980654 3.084000000000003 97
1732754054714 2.8359999999999985 98
1732754130052 2.754000000000005 99
1732754203854 2.682000000000002 100
1732754277867 2.6580000000000013 101
1732754351618 2.510000000000005 102
1732754425630 2.4240000000000066 103
1732754499403 2.3160000000000025 104
1732754573497 2.39200000000001 105
1732754647534 2.2139999999999986 106
1732754721464 2.049999999999997 107
1732754795257 2.0519999999999925 108
1732754869277 2.0799999999999983 109
1732754943290 2.039999999999992 110
1732755017264 2.1059999999999945 111
1732755091091 2.039999999999992 112
1732755165028 1.8760000000000048 113
1732755239166 1.7420000000000044 114
1732755313106 1.8539999999999992 115
1732755387135 1.7700000000000102 116
1732755461255 1.8319999999999936 117
1732755535729 1.7660000000000053 118
1732755609661 1.6240000000000094 119
1732755683456 1.6280000000000001 120
1732755757451 1.4939999999999998 121
1732755831286 1.5519999999999925 122
1732755905058 1.5 123
1732755978718 1.4959999999999951 124
1732756052885 1.5379999999999967 125
1732756126816 1.5 126
1732756200799 1.3920000000000101 127
1732756275014 1.3220000000000027 128
1732756349000 1.4200000000000017 129
1732756423077 1.3719999999999999 130
1732756496755 1.4120000000000061 131
1732756570271 1.2920000000000016 132
1732756644100 1.274000000000001 133
1732756717723 1.3499999999999943 134
1732756791179 1.2639999999999958 135
1732756865011 1.1820000000000022 136
1732756939183 0.960000000000008 137
1732757013101 0.960000000000008 138
1732757087002 0.9260000000000019 139
1732757161044 0.8539999999999992 140
1732757234847 0.7879999999999967 141
1732757308633 0.7920000000000016 142
1732757382449 0.8260000000000076 143
1732757456244 0.8100000000000023 144
1732757530069 0.8380000000000081 145
1732757603778 0.7900000000000063 146
1732757677721 0.7379999999999995 147
1732757751583 0.8159999999999883 148
1732757825201 0.6979999999999933 149
1732757898890 0.7139999999999986 150
1732757972627 0.7759999999999962 151
1732758046474 0.7040000000000077 152
1732758120121 0.7700000000000102 153
1732758193567 0.7339999999999947 154
1732758267340 0.6839999999999975 155
1732758341567 0.7079999999999984 156
1732758415655 0.7199999999999989 157
1732758489840 0.75 158
1732758563984 0.6800000000000068 159
1732758636740 0.6539999999999964 160
1732758709235 0.6239999999999952 161
1732758781620 0.6480000000000103 162
1732758854132 0.6440000000000055 163
1732758928381 0.695999999999998 164
1732759002034 0.6299999999999955 165
1732759075944 0.6779999999999973 166
1732759149745 0.6480000000000103 167
1732759223537 0.6480000000000103 168
1732759297225 0.6419999999999959 169
1732759371065 0.597999999999999 170
1732759444980 0.5799999999999983 171
1732759518836 0.6059999999999945 172
1732759592591 0.6239999999999952 173
1732759666764 0.617999999999995 174
1732759740939 0.6239999999999952 175
1732759815001 0.6580000000000013 176
1732759888888 0.597999999999999 177
1732759962632 0.597999999999999 178
1732760036324 0.5719999999999885 179
1732760110013 0.5919999999999987 180
1732760183649 0.5820000000000078 181
1732760257210 0.6539999999999964 182
