1732746902625 2.1648522817993165 1
1732746975253 1.5640637888717652 2
1732747048180 1.2488154976654053 3
1732747121302 1.0390392279434204 4
1732747192721 0.8932303250312805 5
1732747265180 0.7935820003318786 6
1732747337692 0.7298456196022034 7
1732747411525 0.6802513729476929 8
1732747484513 0.6443642435455322 9
1732747558585 0.6079018584632874 10
1732747632451 0.5750332776260376 11
1732747706742 0.5564336475658417 12
1732747780959 0.5276942084312439 13
1732747855190 0.5124650677585602 14
1732747929042 0.5026545844650269 15
1732748002154 0.48348738879203795 16
1732748076106 0.4736832961654663 17
1732748149890 0.4500422243309021 18
1732748223682 0.44740703008651733 19
1732748297717 0.4368773188972473 20
1732748371545 0.4201569042015076 21
1732748445232 0.4182749397182465 22
1732748519048 0.4111151054477692 23
1732748592880 0.3999618075370789 24
1732748666626 0.3946395185279846 25
1732748740541 0.39037677391052245 26
1732748814134 0.3823522139453888 27
1732748888586 0.377027418346405 28
1732748962642 0.3748502324295044 29
1732749036027 0.36877547327041627 30
1732749109543 0.36012815149307253 31
1732749183213 0.3548658766937256 32
1732749256346 0.35085276403427124 33
1732749330299 0.35108874576568605 34
1732749403671 0.34357305810928346 35
1732749477421 0.3411907175254822 36
1732749551373 0.3303916987800598 37
1732749625163 0.33352956426620484 38
1732749698810 0.33628244621276854 39
1732749772556 0.32338709283351896 40
1732749846378 0.326667669916153 41
1732749920120 0.320947162065506 42
1732749993928 0.3163110301208496 43
1732750067583 0.312203537197113 44
1732750141571 0.30864601462841035 45
1732750215000 0.31078532868385317 46
1732750288407 0.30520932799339295 47
1732750362134 0.30552934825897216 48
1732750436497 0.2963319740200043 49
1732750510763 0.3017483396911621 50
1732750584737 0.29898017771720886 51
1732750658918 0.29265513376235963 52
1732750733040 0.2990518594360352 53
1732750807051 0.28835471504211424 54
1732750881172 0.2896932210111618 55
1732750955334 0.2927510840511322 56
1732751029097 0.28161637897968295 57
1732751103023 0.28564773571014407 58
1732751176632 0.282840477771759 59
1732751250418 0.2828151446247101 60
1732751324038 0.2808843842935562 61
1732751397921 0.2779001612186432 62
1732751471393 0.2753924191570282 63
1732751545440 0.27255220943450925 64
1732751619200 0.2742198660850525 65
1732751692991 0.2747378299999237 66
1732751766852 0.2754963546085358 67
1732751840846 0.26788278606414795 68
1732751914820 0.2709839119720459 69
1732751988536 0.266582190952301 70
1732752061890 0.2686819272184372 71
1732752135500 0.26361455446243287 72
1732752209185 0.26666350521087645 73
1732752282702 0.2613598337364197 74
1732752356536 0.26619957210540773 75
1732752430468 0.2627470963001251 76
1732752504211 0.2587074633312225 77
1732752578196 0.2580142134857178 78
1732752652226 0.25991019352912903 79
1732752726377 0.2551840186500549 80
1732752800154 0.26159410036563874 81
1732752874054 0.2576256731557846 82
1732752948016 0.2559192673301697 83
1732753022113 0.2581355131101608 84
1732753096101 0.2548225545930862 85
1732753170315 0.24932759552955627 86
1732753244145 0.2544921877002716 87
1732753317684 0.25778699608325956 88
1732753391455 0.25364999378204345 89
1732753465225 0.24781637505531312 90
1732753539026 0.2487521584224701 91
1732753612713 0.16690383351325988 92
1732753686198 0.13541923318862914 93
1732753759778 0.12369715750455856 94
1732753833397 0.11403184277057647 95
1732753907042 0.10897397120952607 96
1732753980653 0.10392077423095702 97
1732754054714 0.1007907520031929 98
1732754130052 0.09677116313695908 99
1732754203854 0.09578824659109116 100
1732754277867 0.09141573512077332 101
1732754351618 0.08798866561174393 102
1732754425630 0.08655058984994889 103
1732754499403 0.08531003640532493 104
1732754573497 0.08361963133573531 105
1732754647534 0.0802521888923645 106
1732754721463 0.07928578309118747 107
1732754795256 0.07562065163850784 108
1732754869277 0.07497138181746006 109
1732754943290 0.075625407538414 110
1732755017264 0.0734649922966957 111
1732755091090 0.07203050714254379 112
1732755165028 0.06865322986602783 113
1732755239166 0.06751179098844529 114
1732755313105 0.06774069355249406 115
1732755387134 0.06798979828834534 116
1732755461254 0.06444744166135788 117
1732755535729 0.06391865821361542 118
1732755609660 0.06195699026823044 119
1732755683455 0.06181940580368042 120
1732755757451 0.062494689537286756 121
1732755831286 0.060926888978481294 122
1732755905058 0.058930502932071686 123
1732755978718 0.05912622309207916 124
1732756052885 0.060860806274414064 125
1732756126816 0.056374331748485565 126
1732756200799 0.05451201837897301 127
1732756275014 0.056367052781581876 128
1732756348999 0.05387582468867302 129
1732756423077 0.05438465228199959 130
1732756496754 0.05417547490596771 131
1732756570271 0.05126706228673458 132
1732756644100 0.05144386390447617 133
1732756717723 0.051440248024463654 134
1732756791179 0.05162395681619644 135
1732756865011 0.05020283386468887 136
1732756939183 0.04375308387517929 137
1732757013100 0.04010687851786614 138
1732757087002 0.040783010019063946 139
1732757161044 0.040308992108106616 140
1732757234846 0.038508872883319854 141
1732757308633 0.03808563823223114 142
1732757382449 0.03792928251385689 143
1732757456243 0.035924542257785796 144
1732757530069 0.03614036580681801 145
1732757603778 0.03656533964335919 146
1732757677720 0.0364321343433857 147
1732757751582 0.036105924829244615 148
1732757825201 0.035746461534500125 149
1732757898890 0.034689772037863734 150
1732757972626 0.03503983105540275 151
1732758046473 0.03610093693614006 152
1732758120121 0.034139204050302505 153
1732758193567 0.034304209208488465 154
1732758267339 0.03314360988676548 155
1732758341567 0.0324724729603529 156
1732758415654 0.03371056890010834 157
1732758489839 0.03371427330851555 158
1732758563984 0.03329619537055492 159
1732758636740 0.0326205169031024 160
1732758709235 0.033173081920146945 161
1732758781619 0.03420112656533718 162
1732758854132 0.03213639525473118 163
1732758928380 0.03356088623404503 164
1732759002034 0.03280044627547264 165
1732759075944 0.033059724532365796 166
1732759149745 0.03249946833252907 167
1732759223537 0.033354370470046996 168
1732759297225 0.03246245724320412 169
1732759371065 0.0330946986246109 170
1732759444979 0.03265467660188675 171
1732759518835 0.03145161043405533 172
1732759592590 0.031238545590639114 173
1732759666763 0.03046653084859252 174
1732759740939 0.031031783159971238 175
1732759815001 0.0318682026386261 176
1732759888887 0.03124193822324276 177
1732759962632 0.03182476929783821 178
1732760036323 0.030581115745306014 179
1732760110013 0.030351929590702056 180
1732760183648 0.030772204706668853 181
1732760257210 0.02918808792591095 182
