1733591308942 33.702877044677734 1
1733591367866 35.806745767593384 2
1733591428890 37.844069957733154 3
1733591489920 36.54383444786072 4
1733591549375 36.57387137413025 5
1733591612039 37.57229495048523 6
1733591674606 38.57193851470947 7
1733591734851 37.13320875167847 8
1733591795702 37.553937911987305 9
1733591856385 36.69986176490784 10
1733591914399 36.13908314704895 11
1733591973104 36.594401359558105 12
1733592032005 36.89085626602173 13
1733592092660 37.3015992641449 14
1733592152755 37.30542874336243 15
1733592213264 37.592538356781006 16
1733592271925 36.80549430847168 17
1733592329977 36.301841497421265 18
1733592391113 36.41960906982422 19
1733592448940 35.95821928977966 20
1733592508137 35.63479018211365 21
1733592569178 37.54498505592346 22
1733592626627 36.30878686904907 23
1733592687373 36.913769006729126 24
1733592745983 36.87830972671509 25
1733592805368 37.43974542617798 26
1733592863808 37.329468727111816 27
1733592922440 36.97266745567322 28
1733592981272 36.83459520339966 29
1733593038593 35.58260107040405 30
1733593099004 37.69484066963196 31
1733593157473 36.28986740112305 32
1733593215119 36.67511749267578 33
1733593273299 35.743669271469116 34
1733593334097 38.256454944610596 35
1733593393423 37.2405641078949 36
1733593454136 38.06069540977478 37
1733593512074 35.875945806503296 38
1733593571990 37.43708825111389 39
1733593631834 37.461124420166016 40
1733593691430 36.72573184967041 41
1733593749124 35.3991801738739 42
1733593809676 36.14894485473633 43
1733593870088 36.13166284561157 44
1733593929294 36.656190633773804 45
1733593988026 36.48495531082153 46
1733594048082 37.58751583099365 47
1733594109398 38.216564893722534 48
1733594168338 37.090633153915405 49
1733594230334 37.87475061416626 50
1733594289855 37.60125184059143 51
1733594348109 36.15720057487488 52
1733594408993 38.32429528236389 53
1733594468230 36.96437358856201 54
1733594528692 38.01005411148071 55
1733594591300 37.56871271133423 56
1733594650795 37.753806352615356 57
1733594710451 37.73945474624634 58
1733594768039 35.618688106536865 59
1733594829169 38.07976150512695 60
1733594889363 35.553502321243286 61
1733594948212 35.8729202747345 62
1733595009311 37.71449112892151 63
1733595068231 36.161746978759766 64
1733595128164 36.89715623855591 65
1733595188268 36.90075063705444 66
1733595249040 37.17632699012756 67
1733595309241 36.44414687156677 68
1733595369932 36.66895914077759 69
1733595431848 37.10894846916199 70
1733595492699 36.54273343086243 71
1733595552928 36.30409240722656 72
1733595614381 36.26845383644104 73
1733595674653 35.818854570388794 74
1733595734708 34.95257377624512 75
1733595794185 35.244590759277344 76
1733595856072 34.885854721069336 77
1733595915151 36.15784764289856 78
1733595975908 36.50290846824646 79
1733596035112 35.00578022003174 80
1733596096397 35.941744565963745 81
1733596156701 35.574339151382446 82
1733596217560 36.17841935157776 83
1733596278084 36.11401844024658 84
1733596340918 35.78658890724182 85
1733596401638 35.18339657783508 86
1733596462888 37.55709719657898 87
1733596521865 36.3443078994751 88
1733596583463 36.708168506622314 89
1733596645688 37.4720938205719 90
1733596705590 37.1811740398407 91
1733596766127 37.821547508239746 92
1733596827714 37.468281269073486 93
1733596888583 37.348673820495605 94
1733596948267 36.858417987823486 95
1733597010286 37.870256662368774 96
1733597068995 36.630502223968506 97
1733597128777 37.78090143203735 98
1733597189692 38.55698537826538 99
1733597249215 37.08287739753723 100
1733597309515 36.951465368270874 101
1733597369588 36.30674743652344 102
1733597427457 35.84102702140808 103
1733597488051 38.0036096572876 104
1733597547136 37.054089069366455 105
1733597608415 38.084049463272095 106
1733597670183 37.75052785873413 107
1733597729934 37.533108949661255 108
1733597789482 37.5750253200531 109
1733597847427 35.8405601978302 110
1733597909865 37.707149505615234 111
1733597972094 37.43423676490784 112
1733598030559 36.75580549240112 113
1733598089856 36.62886595726013 114
1733598150884 37.30139231681824 115
1733598211434 37.09517455101013 116
1733598271423 37.88472247123718 117
1733598330578 37.18960189819336 118
1733598389314 36.903828382492065 119
1733598448781 36.97110676765442 120
1733598509401 37.45463705062866 121
1733598567928 36.307090759277344 122
1733598629272 38.01300525665283 123
1733598691723 37.51973485946655 124
1733598752116 37.88077473640442 125
1733598811261 37.3392379283905 126
1733598870992 37.62937784194946 127
1733598928347 35.10833954811096 128
1733598988081 36.69522261619568 129
1733599047908 37.24431133270264 130
1733599110218 36.76780557632446 131
1733599171453 36.99036645889282 132
1733599231428 36.78026819229126 133
1733599289465 35.91378974914551 134
1733599347191 35.53361749649048 135
1733599406839 37.2678906917572 136
1733599466287 37.45536017417908 137
1733599524076 35.46012902259827 138
1733599583280 36.14872336387634 139
1733599645851 37.679991722106934 140
1733599704329 35.093132734298706 141
1733599764463 36.599528551101685 142
1733599824943 36.33215403556824 143
1733599884822 36.86590385437012 144
1733599944602 36.73712873458862 145
1733600005383 37.55386304855347 146
1733600065316 36.94272303581238 147
1733600125180 36.65459609031677 148
1733600185698 36.95920372009277 149
1733600245635 36.784953355789185 150
1733600305665 37.03064513206482 151
1733600365874 36.68659234046936 152
1733600426571 36.69728660583496 153
1733600486383 37.48413681983948 154
1733600546388 37.91123390197754 155
1733600605832 37.27037787437439 156
1733600666639 36.24407720565796 157
1733600726534 37.31500840187073 158
1733600786921 37.37827110290527 159
1733600848832 37.60109996795654 160
1733600909018 36.964606285095215 161
1733600969587 37.268441677093506 162
1733601028990 37.23233938217163 163
1733601088279 37.09564757347107 164
1733601147907 37.92472696304321 165
1733601208750 38.30079531669617 166
1733601268823 37.6443247795105 167
1733601327316 35.92945837974548 168
1733601386761 37.68800711631775 169
1733601446769 37.243051052093506 170
1733601506460 36.60293626785278 171
1733601566818 37.146767139434814 172
1733601625543 37.08195734024048 173
1733601682524 36.0826416015625 174
1733601740219 36.25281643867493 175
1733601801262 37.039480686187744 176
1733601860472 36.43107724189758 177
1733601918522 36.50315976142883 178
1733601975631 36.240957736968994 179
1733602035329 37.71493148803711 180
1733602093088 37.019323110580444 181
1733602151437 37.185391664505005 182
