1733591309055 55.148888888888884 1
1733591367877 48.1 2
1733591428902 44.47333333333333 3
1733591490049 33.01777777777778 4
1733591549544 27.706666666666663 5
1733591612049 27.00666666666666 6
1733591674617 29.226666666666674 7
1733591734862 22.066666666666663 8
1733591795713 20.58888888888889 9
1733591856398 20.24000000000001 10
1733591914424 20.226666666666674 11
1733591973114 20.46666666666667 12
1733592032015 21.840000000000003 13
1733592092670 17.49111111111111 14
1733592152766 19.644444444444446 15
1733592213276 18.144444444444446 16
1733592271936 19.571111111111108 17
1733592329988 16.077777777777783 18
1733592391124 20.273333333333326 19
1733592448950 21.162222222222226 20
1733592508148 16.593333333333334 21
1733592569190 16.14666666666666 22
1733592626638 17.486666666666665 23
1733592687383 15.962222222222223 24
1733592746161 16.22888888888889 25
1733592805379 16.791111111111107 26
1733592863818 15.786666666666676 27
1733592922451 17.10444444444444 28
1733592981290 15.388888888888886 29
1733593038604 14.548888888888882 30
1733593099017 15.340000000000003 31
1733593157484 17.51777777777778 32
1733593215137 15.186666666666667 33
1733593273309 13.98222222222222 34
1733593334107 19.21111111111111 35
1733593393433 14.353333333333325 36
1733593454146 15.786666666666676 37
1733593512084 14.473333333333343 38
1733593572000 15.282222222222217 39
1733593631844 15.308888888888887 40
1733593691440 15.700000000000003 41
1733593749136 13.519999999999996 42
1733593809687 13.775555555555556 43
1733593870099 15.655555555555551 44
1733593929306 13.571111111111108 45
1733593988038 7.9266666666666765 46
1733594048092 7.271111111111111 47
1733594109409 6.995555555555555 48
1733594168349 6.560000000000002 49
1733594230345 6.628888888888881 50
1733594289866 6.359999999999999 51
1733594348120 5.988888888888894 52
1733594409004 5.897777777777776 53
1733594468241 5.648888888888891 54
1733594528703 5.560000000000002 55
1733594591311 5.384444444444441 56
1733594650809 5.1200000000000045 57
1733594710462 4.993333333333339 58
1733594768052 5.50888888888889 59
1733594829180 4.871111111111119 60
1733594889373 4.777777777777786 61
1733594948223 4.75555555555556 62
1733595009321 4.484444444444449 63
1733595068242 4.37555555555555 64
1733595128175 4.5288888888889005 65
1733595188281 4.433333333333337 66
1733595249051 4.157777777777781 67
1733595309251 4.14222222222223 68
1733595369943 4.106666666666669 69
1733595431859 4.013333333333335 70
1733595492710 3.953333333333333 71
1733595552939 3.973333333333329 72
1733595614391 3.9711111111111137 73
1733595674663 3.842222222222219 74
1733595734726 3.786666666666676 75
1733595794197 3.748888888888885 76
1733595856084 3.8200000000000074 77
1733595915162 3.4266666666666623 78
1733595975927 3.464444444444453 79
1733596035123 3.6400000000000006 80
1733596096408 3.3866666666666703 81
1733596156720 3.575555555555553 82
1733596217570 3.4422222222222274 83
1733596278094 3.2888888888888914 84
1733596340929 3.3044444444444423 85
1733596401649 3.2777777777777857 86
1733596462899 3.0888888888888886 87
1733596521876 3.1866666666666674 88
1733596583474 3.091111111111104 89
1733596645701 3.448888888888888 90
1733596705603 3.3688888888888897 91
1733596766147 2.397777777777776 92
1733596827726 2.208888888888893 93
1733596888604 2.2155555555555537 94
1733596948278 2.102222222222224 95
1733597010298 2.0822222222222138 96
1733597069005 1.9977777777777703 97
1733597128790 2.0177777777777806 98
1733597189703 1.8688888888888897 99
1733597249344 1.8911111111111154 100
1733597309525 1.9733333333333434 101
1733597369600 1.9555555555555486 102
1733597427468 1.7666666666666657 103
1733597488062 1.831111111111099 104
1733597547147 1.7911111111111069 105
1733597608425 1.7666666666666657 106
1733597670195 1.7666666666666657 107
1733597729945 1.6688888888888869 108
1733597789502 1.6933333333333422 109
1733597847442 1.7155555555555537 110
1733597909879 1.6644444444444417 111
1733597972104 1.6555555555555515 112
1733598030570 1.7422222222222246 113
1733598089867 1.7311111111111188 114
1733598151045 1.7022222222222325 115
1733598211444 1.6866666666666674 116
1733598271434 1.6822222222222223 117
1733598330593 1.559999999999988 118
1733598389325 1.5822222222222138 119
1733598448795 1.62222222222222 120
1733598509412 1.5933333333333337 121
1733598567942 1.5755555555555532 122
1733598629282 1.5377777777777766 123
1733598691734 1.6088888888888988 124
1733598752131 1.5577777777777868 125
1733598811272 1.4200000000000017 126
1733598871003 1.4866666666666646 127
1733598928358 1.4711111111111137 128
1733598988092 1.4422222222222274 129
1733599047966 1.5244444444444412 130
1733599110230 1.4155555555555566 131
1733599171465 1.519999999999996 132
1733599231440 1.4044444444444366 133
1733599289477 1.3733333333333348 134
1733599347202 1.37777777777778 135
1733599406852 1.4000000000000057 136
1733599466298 1.3488888888888937 137
1733599524087 1.397777777777776 138
1733599583292 1.4377777777777823 139
1733599645862 1.3888888888888857 140
1733599704351 1.3222222222222229 141
1733599764474 1.337777777777788 142
1733599824955 1.4222222222222314 143
1733599884843 1.3511111111111092 144
1733599944673 1.3199999999999932 145
1733600005394 1.4355555555555526 146
1733600065328 1.3511111111111092 147
1733600125191 1.4155555555555566 148
1733600185709 1.3444444444444485 149
1733600245646 1.2711111111111109 150
1733600305676 1.3333333333333286 151
1733600365888 1.3311111111111131 152
1733600426589 1.2711111111111109 153
1733600486396 1.2488888888888852 154
1733600546399 1.2800000000000011 155
1733600605843 1.2844444444444463 156
1733600666653 1.286666666666676 157
1733600726547 1.3800000000000097 158
1733600786940 1.2222222222222285 159
1733600848958 1.2777777777777715 160
1733600909029 1.2822222222222166 161
1733600969598 1.326666666666668 162
1733601029004 1.2933333333333366 163
1733601088289 1.3088888888888874 164
1733601147918 1.2977777777777817 165
1733601208761 1.3155555555555623 166
1733601268834 1.3599999999999994 167
1733601327327 1.259999999999991 168
1733601386780 1.4000000000000057 169
1733601446779 1.275555555555556 170
1733601506471 1.2199999999999989 171
1733601566832 1.326666666666668 172
1733601625556 1.3177777777777777 173
1733601682536 1.2577777777777754 174
1733601740230 1.2644444444444503 175
1733601801273 1.2911111111111069 176
1733601860484 1.337777777777788 177
1733601918538 1.3511111111111092 178
1733601975643 1.2666666666666657 179
1733602035347 1.306666666666672 180
1733602093098 1.259999999999991 181
1733602151447 1.259999999999991 182
