1733591308965 1.829416026433309 1
1733591367870 1.255624529393514 2
1733591428893 1.0095409852663675 3
1733591489950 0.8641901310708787 4
1733591549441 0.7619574739138285 5
1733591612042 0.6938166319741144 6
1733591674609 0.6479047031508551 7
1733591734854 0.6143540227678087 8
1733591795706 0.5857032459894816 9
1733591856389 0.561371762169732 10
1733591914402 0.5408541982544793 11
1733591973107 0.5296633127848307 12
1733592032008 0.5120309579849243 13
1733592092663 0.5057458492279052 14
1733592152758 0.4910696289115482 15
1733592213268 0.48142954989539255 16
1733592271929 0.4748774996386634 17
1733592329980 0.46847163207795883 18
1733592391116 0.4608378846380446 19
1733592448943 0.4567072064929538 20
1733592508139 0.45024608446757 21
1733592569182 0.4459853764428033 22
1733592626631 0.440039952966902 23
1733592687376 0.43185373490651446 24
1733592746050 0.42994950415823197 25
1733592805371 0.4287765419801076 26
1733592863811 0.4219154799514347 27
1733592922443 0.419108980735143 28
1733592981283 0.4209215188238356 29
1733593038596 0.41468803026411266 30
1733593099008 0.4120524377399021 31
1733593157476 0.41262622066073945 32
1733593215122 0.40352602257198755 33
1733593273302 0.40666359006034003 34
1733593334100 0.3986385848363241 35
1733593393426 0.3976235270606147 36
1733593454139 0.3944188942167494 37
1733593512077 0.3962040106561449 38
1733593571994 0.391635294702318 39
1733593631837 0.38600221552319 40
1733593691433 0.3919009220017327 41
1733593749128 0.38944921815660266 42
1733593809679 0.39291396198802525 43
1733593870091 0.3855289018948873 44
1733593929297 0.3795457743909624 45
1733593988029 0.2789100406487783 46
1733594048085 0.24036811717351278 47
1733594109401 0.22721636366314357 48
1733594168341 0.22014966140323214 49
1733594230337 0.2107898126602173 50
1733594289858 0.20297446273432837 51
1733594348113 0.19640535386006036 52
1733594408996 0.18611863357755873 53
1733594468233 0.18566568206416237 54
1733594528695 0.1782366791513231 55
1733594591303 0.17258487386703492 56
1733594650799 0.17082259310086567 57
1733594710454 0.16600169535213047 58
1733594768042 0.16480633322927687 59
1733594829172 0.1600993603348732 60
1733594889366 0.15702286031246185 61
1733594948215 0.1535934450361464 62
1733595009314 0.15350943906704584 63
1733595068234 0.14608661296632555 64
1733595128167 0.15016501232783 65
1733595188271 0.14556958275636037 66
1733595249043 0.14142119493087132 67
1733595309244 0.1393933749543296 68
1733595369935 0.13798218227757347 69
1733595431851 0.13606229680114323 70
1733595492702 0.13449663980404536 71
1733595552932 0.13223366417884827 72
1733595614384 0.12613704659144084 73
1733595674656 0.12757291669580673 74
1733595734711 0.12579093906084696 75
1733595794188 0.12495670369201237 76
1733595856075 0.12662919539345635 77
1733595915154 0.12051889610820346 78
1733595975911 0.12238692893717024 79
1733596035115 0.1181872375011444 80
1733596096401 0.11685976490179698 81
1733596156704 0.11552756310039096 82
1733596217563 0.11653429406748878 83
1733596278087 0.11343235372172461 84
1733596340921 0.11266279694504208 85
1733596401641 0.11076744985050625 86
1733596462892 0.10889386657807562 87
1733596521868 0.11066221091482374 88
1733596583466 0.10741493858496348 89
1733596645691 0.10395495993826125 90
1733596705593 0.1074481455968486 91
1733596766130 0.09181477029588488 92
1733596827717 0.08241412048869663 93
1733596888595 0.0791671988023652 94
1733596948270 0.0783050232304467 95
1733597010290 0.07616540317270491 96
1733597068998 0.07280518948634465 97
1733597128780 0.07413305765257941 98
1733597189696 0.0712845336847835 99
1733597249238 0.072216715969642 100
1733597309518 0.07155922263065974 101
1733597369591 0.07103991208804979 102
1733597427460 0.06771274042659335 103
1733597488055 0.0709488780895869 104
1733597547140 0.06887532519102096 105
1733597608418 0.06811146396928364 106
1733597670186 0.06691174982653723 107
1733597729938 0.06603966554005941 108
1733597789486 0.06840377316011323 109
1733597847430 0.06648541989723841 110
1733597909870 0.064447510092126 111
1733597972097 0.06456984933084912 112
1733598030562 0.06458672710325983 113
1733598089860 0.06383626734349462 114
1733598150955 0.06252370784415139 115
1733598211437 0.06205466026796235 116
1733598271426 0.06264557480348482 117
1733598330582 0.06052128767172495 118
1733598389318 0.06168671632607778 119
1733598448787 0.060556368141704134 120
1733598509405 0.060921328830719 121
1733598567933 0.05912812551524904 122
1733598629275 0.060148106943236454 123
1733598691726 0.06024566357003318 124
1733598752120 0.05993931220107608 125
1733598811264 0.056752133264806534 126
1733598870995 0.05706731066571342 127
1733598928351 0.058515520009067325 128
1733598988085 0.056738746927844155 129
1733599047938 0.05452640650537279 130
1733599110222 0.056389310348033905 131
1733599171456 0.056550209731194706 132
1733599231432 0.056937584273020425 133
1733599289469 0.055996431660321026 134
1733599347194 0.05688802650372187 135
1733599406843 0.053620721967352764 136
1733599466290 0.051294389873080784 137
1733599524080 0.052983776501814524 138
1733599583284 0.0520354698518912 139
1733599645854 0.05318592801656988 140
1733599704333 0.053700404142008884 141
1733599764466 0.05148885562982824 142
1733599824947 0.05457838822007179 143
1733599884826 0.05257126941548453 144
1733599944612 0.05387713698546092 145
1733600005386 0.052107044261693956 146
1733600065320 0.05218967584768931 147
1733600125184 0.05020719987750053 148
1733600185702 0.050613131109873456 149
1733600245638 0.05115930567085743 150
1733600305668 0.05123274975352817 151
1733600365879 0.05171325256427129 152
1733600426575 0.049293624352084266 153
1733600486387 0.05268428597185347 154
1733600546391 0.05095616789658864 155
1733600605835 0.04987067859172821 156
1733600666643 0.052213740059485036 157
1733600726539 0.05347479592031903 158
1733600786924 0.04942149668534597 159
1733600848938 0.05030801158746084 160
1733600909021 0.050637798754374186 161
1733600969590 0.04860694853067398 162
1733601028994 0.04971964899930689 163
1733601088282 0.051252840471929975 164
1733601147910 0.04955068429377344 165
1733601208754 0.05107822316884995 166
1733601268826 0.049241393570105235 167
1733601327319 0.051040790792306265 168
1733601386765 0.04935944910049438 169
1733601446772 0.04978141831093364 170
1733601506464 0.0493375881469912 171
1733601566823 0.049685690903663635 172
1733601625547 0.04915414232876566 173
1733601682528 0.05039263514545229 174
1733601740223 0.05177205137146844 175
1733601801265 0.05131111290719774 176
1733601860476 0.04791082389354706 177
1733601918528 0.048980496814515856 178
1733601975634 0.049594655366738634 179
1733602035339 0.04939539480143123 180
1733602093091 0.04777553488678402 181
1733602151440 0.048394270283646054 182
