1733668963372 28.3028347492218 1
1733669013090 27.944201946258545 2
1733669063748 28.25293278694153 3
1733669114359 28.01146674156189 4
1733669162892 27.521986722946167 5
1733669212300 27.43961524963379 6
1733669260860 27.380741119384766 7
1733669310311 27.60536789894104 8
1733669359614 27.402942657470703 9
1733669407600 27.24497890472412 10
1733669457171 27.55578112602234 11
1733669505268 27.231191158294678 12
1733669554542 27.354604721069336 13
1733669603305 27.421703577041626 14
1733669652176 27.481440782546997 15
1733669701245 27.234817028045654 16
1733669749967 27.40544366836548 17
1733669799839 27.548691511154175 18
1733669848632 27.424256563186646 19
1733669898267 27.479150533676147 20
1733669948098 27.701651096343994 21
1733669997035 27.674513339996338 22
1733670046639 27.56509566307068 23
1733670095013 27.393412113189697 24
1733670144215 27.407124519348145 25
1733670193684 27.42251682281494 26
1733670242538 27.610831022262573 27
1733670292094 27.38170051574707 28
1733670341583 27.636356592178345 29
1733670391006 27.766437292099 30
1733670440497 27.377158880233765 31
1733670489191 27.49565076828003 32
1733670538704 27.449408531188965 33
1733670587540 27.391470909118652 34
1733670636832 27.50814986228943 35
1733670686178 27.30212688446045 36
1733670734464 27.385712385177612 37
1733670783977 27.43686008453369 38
1733670832578 27.46311855316162 39
1733670882064 27.480681896209717 40
1733670931549 27.34097671508789 41
1733670980416 27.35278844833374 42
1733671030019 27.50226855278015 43
1733671078559 27.363874673843384 44
1733671128070 27.43164849281311 45
1733671177077 27.443148612976074 46
1733671226178 27.604666709899902 47
1733671275562 27.249816179275513 48
1733671324463 27.827707767486572 49
1733671374268 27.54214119911194 50
1733671423527 27.578117847442627 51
