1733668963389 0.36149372335275015 1
1733669013107 0.09587606972058614 2
1733669063764 0.07016827462116877 3
1733669114384 0.06111792230904102 4
1733669162908 0.055284396128853164 5
1733669212316 0.05046908244639635 6
1733669260876 0.04627237639725208 7
1733669310328 0.045824476126829786 8
1733669359630 0.044211393656829995 9
1733669407616 0.04123525110930205 10
1733669457187 0.04026922051509221 11
1733669505286 0.03951059149255355 12
1733669554558 0.038694780703882374 13
1733669603329 0.03624804719388485 14
1733669652191 0.036918611103792985 15
1733669701261 0.034033032718797526 16
1733669749984 0.035604072318971156 17
1733669799855 0.035873391416172185 18
1733669848649 0.03641462696939707 19
1733669898284 0.03644664187630017 20
1733669948114 0.034268588328858214 21
1733669997052 0.03515405693898598 22
1733670046657 0.032836057267338035 23
1733670095030 0.031682169469197594 24
1733670144232 0.032476921265075606 25
1733670193701 0.032766820301612216 26
1733670242557 0.03242752308274309 27
1733670292110 0.03306620099917054 28
1733670341600 0.031281426004817085 29
1733670391022 0.031512340639407437 30
1733670440515 0.03211455894336104 31
1733670489208 0.0317199787735939 32
1733670538720 0.03288918037811915 33
1733670587556 0.031009258930881817 34
1733670636850 0.03046340917075674 35
1733670686194 0.030450111467639606 36
1733670734480 0.028942650403330723 37
1733670783994 0.028701688461999098 38
1733670832597 0.030809110110998152 39
1733670882081 0.031028314998745917 40
1733670931570 0.030706999046107134 41
1733670980434 0.028499205285310747 42
1733671030036 0.029951392627259096 43
1733671078576 0.02784222794547677 44
1733671128086 0.029414857166757187 45
1733671177093 0.028544785688072442 46
1733671226194 0.029533436767508588 47
1733671275578 0.029404526707033318 48
1733671324479 0.02924734348083536 49
1733671374285 0.02853842384417852 50
1733671423547 0.028165295521418252 51
