1733668963410 4.210000000000008 1
1733669013123 2.9566666666666634 2
1733669063780 3.2183333333333337 3
1733669114401 2.268333333333345 4
1733669162925 2.11666666666666 5
1733669212331 1.363333333333344 6
1733669260894 1.5366666666666617 7
1733669310345 1.2833333333333314 8
1733669359648 2.00833333333334 9
1733669407632 1.0249999999999915 10
1733669457202 1.6333333333333258 11
1733669505301 1.3616666666666788 12
1733669554573 1.3316666666666634 13
1733669603347 1.2750000000000057 14
1733669652206 1.2616666666666703 15
1733669701278 1.085000000000008 16
1733669750001 1.0133333333333354 17
1733669799870 1.3549999999999898 18
1733669848665 1.4533333333333331 19
1733669898301 1.085000000000008 20
1733669948131 1.1783333333333417 21
1733669997067 0.9849999999999994 22
1733670046685 1.0416666666666572 23
1733670095047 1.3933333333333309 24
1733670144249 1.788333333333341 25
1733670193717 0.9900000000000091 26
1733670242577 1.1383333333333354 27
1733670292127 0.9133333333333269 28
1733670341614 1.144999999999996 29
1733670391038 0.9733333333333434 30
1733670440531 0.8783333333333303 31
1733670489223 0.7800000000000011 32
1733670538735 1.2333333333333343 33
1733670587570 0.9783333333333388 34
1733670636867 1.4200000000000017 35
1733670686209 0.7516666666666652 36
1733670734495 1.0450000000000017 37
1733670784009 0.88333333333334 38
1733670832615 0.9566666666666634 39
1733670882097 0.971666666666664 40
1733670931594 1.1316666666666606 41
1733670980452 0.9750000000000085 42
1733671030051 1.0300000000000011 43
1733671078591 1.0049999999999955 44
1733671128102 1.298333333333332 45
1733671177106 0.8449999999999989 46
1733671226209 0.8016666666666623 47
1733671275593 0.9333333333333371 48
1733671324495 0.74166666666666 49
1733671374302 1.0049999999999955 50
1733671423564 0.9016666666666708 51
