1733043810167 53.47625160217285 1
1733043896506 51.30656385421753 2
1733043981937 50.22460603713989 3
1733044067842 51.218018770217896 4
1733044153327 51.28558611869812 5
1733044238529 50.704861640930176 6
1733044324358 50.73186993598938 7
1733044409630 50.219205379486084 8
1733044494193 50.48055291175842 9
1733044578894 50.52747321128845 10
1733044664295 50.67963743209839 11
1733044749862 50.12801194190979 12
1733044834983 50.16674184799194 13
1733044919969 50.51775026321411 14
1733045005253 50.59128379821777 15
1733045090685 50.7210488319397 16
1733045176661 50.628703355789185 17
1733045261932 50.32441973686218 18
1733045346956 50.68027353286743 19
1733045431993 50.823009729385376 20
1733045517430 50.74796271324158 21
1733045603210 50.48191785812378 22
1733045688955 50.521251916885376 23
1733045774144 51.13420128822327 24
1733045859826 50.91235899925232 25
1733045945309 50.59487056732178 26
1733046032289 51.0374059677124 27
1733046119248 52.036306858062744 28
1733046203976 50.769733905792236 29
1733046289541 50.563849210739136 30
1733046375491 50.439576148986816 31
1733046460648 50.60329604148865 32
1733046545205 50.60087180137634 33
1733046629503 50.494205713272095 34
1733046714639 50.310049057006836 35
1733046799816 50.19634032249451 36
1733046884287 49.87597417831421 37
1733046968379 50.220951318740845 38
1733047052119 50.23858308792114 39
1733047135992 50.25498938560486 40
1733047220897 50.06723380088806 41
1733047306495 50.211150884628296 42
1733047392333 50.32363986968994 43
1733047477109 50.56501626968384 44
1733047561528 50.578118562698364 45
1733047645631 50.295706272125244 46
1733047730213 50.09476637840271 47
1733047815034 49.665175676345825 48
1733047898719 49.87866806983948 49
1733047982469 50.18316173553467 50
1733048065846 50.14912271499634 51
1733048149438 50.13598084449768 52
1733048233615 50.17078256607056 53
1733048319054 50.02338099479675 54
1733048403955 49.76661562919617 55
1733048487799 49.605374813079834 56
1733048571118 49.857420682907104 57
1733048655140 50.046987533569336 58
1733048738730 50.411428689956665 59
1733048823894 50.442010164260864 60
1733048908870 50.09168219566345 61
1733048993666 50.12168288230896 62
1733049078346 50.53471279144287 63
1733049162753 50.861350297927856 64
1733049247368 50.1116828918457 65
1733049333147 50.42422413825989 66
1733049418200 50.31125354766846 67
1733049502632 50.4917528629303 68
1733049586928 50.49326944351196 69
1733049671087 50.257633686065674 70
1733049755583 50.00250172615051 71
1733049840172 49.508633852005005 72
1733049925834 51.181880235672 73
1733050009118 49.91121697425842 74
1733050092724 50.111902952194214 75
1733050176520 49.912755250930786 76
1733050260062 49.97816061973572 77
1733050344309 49.85549998283386 78
1733050429009 49.90812397003174 79
1733050514095 49.58982729911804 80
1733050598189 50.55168056488037 81
1733050682246 50.22080373764038 82
1733050766337 50.25897264480591 83
1733050850770 50.44871950149536 84
1733050935616 49.79248571395874 85
1733051020232 49.52173185348511 86
1733051105104 49.90280485153198 87
1733051190692 50.91321563720703 88
1733051275838 50.96769881248474 89
1733051360683 50.171939849853516 90
1733051445954 49.96188950538635 91
1733051530259 50.0130558013916 92
1733051613980 50.22689890861511 93
1733051697951 50.093212604522705 94
1733051781971 50.57749104499817 95
1733051866147 50.13341236114502 96
1733051950408 49.646015882492065 97
1733052035173 50.337546825408936 98
1733052118869 50.112390756607056 99
1733052202404 50.125590562820435 100
1733052286213 50.28377890586853 101
1733052375350 53.83601903915405 102
1733052459798 49.96473264694214 103
