1733043810181 2.7247659809875486 1
1733043896519 2.3352892517852784 2
1733043981948 2.3108189108276367 3
1733044067854 2.3155165963745117 4
1733044153339 2.2609673658752443 5
1733044238543 2.2198203898620608 6
1733044324376 2.1445257612609865 7
1733044409643 2.1070102816772462 8
1733044494204 2.07060078994751 9
1733044578907 2.062278179092407 10
1733044664310 2.041117889022827 11
1733044749874 2.1356259476470947 12
1733044834995 2.0891848721313475 13
1733044919981 2.082343902206421 14
1733045005265 2.0557855791473387 15
1733045090698 2.0519689275360107 16
1733045176673 2.025372245864868 17
1733045261944 2.016550517425537 18
1733045346971 2.0040831984710694 19
1733045432005 1.9764780114364624 20
1733045517442 1.9532589347839355 21
1733045603222 1.9337022932434083 22
1733045688967 1.916332841758728 23
1733045774156 1.9016537240982057 24
1733045859838 1.8874519329452515 25
1733045945321 1.8789379390716552 26
1733046032308 1.8688199661254883 27
1733046119260 1.8646099840545654 28
1733046203989 1.8524665230560302 29
1733046289553 1.8450828354644775 30
1733046375502 1.8344308407592773 31
1733046460660 1.8288132764434815 32
1733046545216 1.8140632073211669 33
1733046629517 1.8077226097869874 34
1733046714659 1.798981641921997 35
1733046799828 1.7915269421005249 36
1733046884307 1.9039943236923218 37
1733046968391 1.9003907015228272 38
1733047052131 2.3047358016967774 39
1733047136006 2.084100481338501 40
1733047220909 2.0072498516464234 41
1733047306506 1.9676852216339111 42
1733047392344 1.940800571975708 43
1733047477121 1.921682588043213 44
1733047561542 1.9072215203475953 45
1733047645644 1.898122780456543 46
1733047730225 1.8834582723999023 47
1733047815045 1.869367883682251 48
1733047898731 1.8620382207489015 49
1733047982480 1.8522964212036133 50
1733048065857 1.8471173846054076 51
1733048149449 1.8363500674057007 52
1733048233628 1.8314332048797608 53
1733048319066 1.922717664413452 54
1733048403966 1.9637681691741944 55
1733048487811 1.9188249697875976 56
1733048571129 1.8895751263046265 57
1733048655151 1.873170224609375 58
1733048738741 1.8601035079574586 59
1733048823915 1.8555951358795166 60
1733048908881 1.8436964315795898 61
1733048993678 1.8316905719375611 62
1733049078357 1.8687137301254273 63
1733049162765 1.9172892580795289 64
1733049247382 1.8936464737701415 65
1733049333158 3.9037119467163084 66
1733049418212 2.323283831329346 67
1733049502644 2.308389591140747 68
1733049586939 2.3064218827819825 69
1733049671099 2.304444967880249 70
1733049755599 2.298832115097046 71
1733049840183 2.2943174802398683 72
1733049925845 2.2923649001312256 73
1733050009130 2.296155552444458 74
1733050092736 2.294605860748291 75
1733050176533 2.2941120499420165 76
1733050260080 2.2883302751159666 77
1733050344321 2.2818354035186768 78
1733050429020 2.269398342971802 79
1733050514108 2.262904940032959 80
1733050598200 2.268021288909912 81
1733050682258 2.278648196258545 82
1733050766349 2.2821305081939696 83
1733050850783 2.2844706758117677 84
1733050935628 2.2752704682159424 85
1733051020243 2.2602551989746096 86
1733051105116 2.25739404006958 87
1733051190704 2.263279125289917 88
1733051275851 2.282971833572388 89
1733051360695 2.283705493927002 90
1733051445965 2.2823669062042238 91
1733051530271 2.2732328272247315 92
1733051613992 2.273076561050415 93
1733051697962 2.2704868522644044 94
1733051781983 2.272413600311279 95
1733051866166 2.2705336539459227 96
1733051950419 2.272191347427368 97
1733052035186 2.2725883777618407 98
1733052118882 2.2714222212219237 99
1733052202415 2.2704938145446776 100
1733052286224 2.2722584532165526 101
1733052375362 2.2709331898498535 102
1733052459817 2.268896493148804 103
