1733043810193 88.532 1
1733043896530 87.65 2
1733043981958 87.44 3
1733044067866 87.644 4
1733044153350 82.9 5
1733044238555 83.104 6
1733044324387 80.042 7
1733044409653 78.68 8
1733044494214 78.378 9
1733044578919 78.13 10
1733044664320 82.434 11
1733044749885 78.882 12
1733044835005 78.284 13
1733044919992 78.258 14
1733045005276 78.134 15
1733045090708 79.06 16
1733045176684 76.9 17
1733045261954 76.19800000000001 18
1733045346984 75.214 19
1733045432025 74.396 20
1733045517452 73.28999999999999 21
1733045603232 72.952 22
1733045688977 73.28999999999999 23
1733045774166 71.596 24
1733045859849 72.018 25
1733045945331 71.394 26
1733046032318 71.44 27
1733046119271 71.838 28
1733046204000 71.092 29
1733046289564 70.244 30
1733046375513 70.754 31
1733046460671 70.024 32
1733046545226 71.57 33
1733046629528 68.854 34
1733046714669 69.358 35
1733046799839 68.50399999999999 36
1733046884317 75.97 37
1733046968401 71.236 38
1733047052143 81.352 39
1733047136016 81.396 40
1733047220920 77.852 41
1733047306517 75.83 42
1733047392355 75.092 43
1733047477132 77.024 44
1733047561554 74.22 45
1733047645653 73.62 46
1733047730235 73.066 47
1733047815056 73.088 48
1733047898741 74.28399999999999 49
1733047982499 72.314 50
1733048065867 71.71000000000001 51
1733048149459 71.04599999999999 52
1733048233640 71.30199999999999 53
1733048319077 76.468 54
1733048403976 75.152 55
1733048487822 73.5 56
1733048571139 72.61 57
1733048655162 72.882 58
1733048738752 72.638 59
1733048823927 71.62 60
1733048908892 72.23 61
1733048993688 71.526 62
1733049078369 71.178 63
1733049162774 72.202 64
1733049247393 78.746 65
1733049333169 88.702 66
1733049418222 89.042 67
1733049502654 88.794 68
1733049586949 88.798 69
1733049671110 88.876 70
1733049755611 88.538 71
1733049840193 88.41 72
1733049925856 88.778 73
1733050009141 88.642 74
1733050092746 88.596 75
1733050176545 88.7 76
1733050260091 88.06 77
1733050344332 87.982 78
1733050429031 86.93 79
1733050514118 86.712 80
1733050598211 87.16 81
1733050682269 86.77 82
1733050766367 86.348 83
1733050850793 86.188 84
1733050935638 86.694 85
1733051020254 86.52 86
1733051105126 85.91 87
1733051190715 87.406 88
1733051275862 87.578 89
1733051360706 86.858 90
1733051445976 86.094 91
1733051530281 86.142 92
1733051614007 86.138 93
1733051697973 86.038 94
1733051781994 85.898 95
1733051866180 85.948 96
1733051950430 85.65 97
1733052035198 86.28999999999999 98
1733052118893 86.264 99
1733052202426 86.104 100
1733052286234 86.02 101
1733052375372 86.36 102
1733052459827 86.024 103
