1733678070901 29.333964347839355 1
1733678115298 26.643100261688232 2
1733678159626 26.593252658843994 3
1733678204137 26.647160530090332 4
1733678248777 26.832484245300293 5
1733678293395 26.803278923034668 6
1733678338447 27.32815146446228 7
1733678382826 26.597928524017334 8
1733678428074 27.532121658325195 9
1733678473242 27.396619081497192 10
1733678518535 27.439980506896973 11
1733678563748 27.350391387939453 12
1733678608172 26.548969745635986 13
1733678653281 27.40604853630066 14
1733678698303 27.268045663833618 15
1733678743322 27.34144425392151 16
1733678788650 27.47153115272522 17
1733678833207 26.703322649002075 18
1733678878251 27.322505712509155 19
1733678923477 27.435698986053467 20
1733678968145 26.74340844154358 21
1733679013425 27.415825366973877 22
1733679057899 26.737437963485718 23
1733679103063 27.43478488922119 24
1733679148436 27.429185390472412 25
1733679192828 26.700058221817017 26
1733679237897 27.386788368225098 27
1733679283114 27.445586919784546 28
1733679328361 27.378979444503784 29
1733679373494 27.377177715301514 30
1733679417877 26.614155292510986 31
1733679463774 27.93224287033081 32
1733679508343 26.66671323776245 33
1733679553714 27.541889190673828 34
1733679598208 26.771034479141235 35
1733679643439 27.521743774414062 36
1733679687870 26.722267627716064 37
1733679732952 27.33931803703308 38
1733679778148 27.42544960975647 39
1733679823342 27.42878222465515 40
1733679868465 27.396317720413208 41
