1733678070909 7.760000000000005 1
1733678115309 4.506666666666675 2
1733678159634 4.269999999999996 3
1733678204145 4.7450000000000045 4
1733678248786 2.286666666666676 5
1733678293403 2.096666666666664 6
1733678338456 2.6583333333333314 7
1733678382835 1.7349999999999994 8
1733678428083 3.528333333333336 9
1733678473252 2.0533333333333275 10
1733678518544 2.9350000000000023 11
1733678563757 2.268333333333345 12
1733678608181 2.441666666666663 13
1733678653290 2.3149999999999977 14
1733678698312 2.490000000000009 15
1733678743331 2.306666666666672 16
1733678788665 3.276666666666671 17
1733678833216 2.3900000000000006 18
1733678878260 2.501666666666665 19
1733678923485 2.164999999999992 20
1733678968154 1.9416666666666629 21
1733679013434 1.7533333333333303 22
1733679057909 2.2066666666666634 23
1733679103072 1.6133333333333297 24
1733679148445 2.381666666666675 25
1733679192837 1.5949999999999989 26
1733679237906 1.6400000000000006 27
1733679283123 2.0450000000000017 28
1733679328370 1.9783333333333388 29
1733679373503 3.643333333333331 30
1733679417886 2.299999999999997 31
1733679463782 4.450000000000003 32
1733679508356 2.2133333333333383 33
1733679553723 2.373333333333335 34
1733679598216 1.761666666666656 35
1733679643449 1.730000000000004 36
1733679687878 1.7266666666666595 37
1733679732960 1.5916666666666686 38
1733679778157 1.6133333333333297 39
1733679823356 1.6750000000000114 40
1733679868473 1.7566666666666606 41
