1733678070905 0.3807400965650876 1
1733678115304 0.1033944513052702 2
1733678159631 0.08732315038939317 3
1733678204141 0.0800103285262982 4
1733678248782 0.07204697253108025 5
1733678293400 0.07218300221363703 6
1733678338452 0.06826480264365672 7
1733678382831 0.0672624798198541 8
1733678428079 0.06909028996725877 9
1733678473248 0.06481070606311162 10
1733678518540 0.06763747837543488 11
1733678563753 0.06605941453973452 12
1733678608177 0.06315673367182413 13
1733678653286 0.06403380750815074 14
1733678698308 0.06334829971591631 15
1733678743327 0.0619579136689504 16
1733678788655 0.060295225530862806 17
1733678833212 0.060418150466680524 18
1733678878255 0.060654849334061144 19
1733678923482 0.05562952924867471 20
1733678968150 0.05904559933443864 21
1733679013430 0.05682590529223283 22
1733679057904 0.05775472958087921 23
1733679103068 0.05593667337397734 24
1733679148441 0.05657037912756205 25
1733679192833 0.0550690830975771 26
1733679237901 0.053932259025176364 27
1733679283119 0.053366481963793434 28
1733679328366 0.05458303894648949 29
1733679373499 0.053834289079904556 30
1733679417882 0.054238178717096644 31
1733679463778 0.053313226627806826 32
1733679508349 0.05150204568405946 33
1733679553719 0.05241760172694922 34
1733679598212 0.05208015540142854 35
1733679643443 0.05401202580432097 36
1733679687875 0.05307729301651319 37
1733679732957 0.05090535518825054 38
1733679778153 0.051743807375927764 39
1733679823346 0.051367885106801986 40
1733679868469 0.05112313853502273 41
