1733390080775 58.15838003158569 1
1733390170303 56.86356806755066 2
1733390260434 57.840545892715454 3
1733390350756 58.24784064292908 4
1733390441816 59.08583903312683 5
1733390531667 58.03892254829407 6
1733390622980 58.44325280189514 7
1733390713181 58.36771273612976 8
1733390803119 58.2234160900116 9
1733390893840 58.66660690307617 10
1733390983408 58.06522083282471 11
1733391073076 58.097620248794556 12
1733391163623 58.47381377220154 13
1733391253265 58.01379156112671 14
1733391344145 58.32744526863098 15
1733391434551 58.61842703819275 16
1733391524309 58.01999497413635 17
1733391615530 58.61199402809143 18
1733391705339 58.228556871414185 19
1733391795609 58.05123782157898 20
1733391886133 58.7606680393219 21
1733391975730 57.963388442993164 22
1733392065881 57.77726435661316 23
1733392155696 58.306565046310425 24
1733392244999 57.86201000213623 25
1733392336222 58.68747305870056 26
1733392426830 58.63553023338318 27
1733392517846 58.356903076171875 28
1733392608616 58.50056004524231 29
1733392699429 58.702757358551025 30
1733392791117 59.059407234191895 31
1733392881215 58.31560802459717 32
1733392971673 58.37385272979736 33
1733393062184 58.912978649139404 34
1733393151177 58.05879092216492 35
1733393239095 56.57026743888855 36
1733393330440 59.05100083351135 37
1733393420495 58.38512921333313 38
1733393511748 58.365334033966064 39
1733393602374 58.649019718170166 40
1733393692272 58.062639236450195 41
1733393783045 58.07265853881836 42
1733393872561 57.94562244415283 43
1733393962421 57.975282192230225 44
1733394053244 58.944520711898804 45
1733394143012 58.10029339790344 46
1733394233391 57.80678582191467 47
1733394322569 58.0385959148407 48
1733394411528 57.80026650428772 49
1733394502097 57.98799753189087 50
1733394593327 58.70466876029968 51
1733394683476 58.14441514015198 52
1733394774938 58.94115400314331 53
1733394864827 58.27876591682434 54
1733394955455 58.255043506622314 55
1733395045678 58.65096855163574 56
1733395135529 58.09884166717529 57
1733395226958 58.56023192405701 58
1733395317319 58.40163207054138 59
1733395407275 58.27530384063721 60
1733395498540 58.79009437561035 61
1733395588668 58.32660388946533 62
1733395679042 58.397351026535034 63
1733395769860 58.69842004776001 64
1733395859533 58.007246255874634 65
1733395949969 58.37758755683899 66
1733396041014 58.94471979141235 67
1733396130978 58.45243835449219 68
1733396221413 58.13264203071594 69
1733396311904 58.67090463638306 70
1733396401455 57.860342264175415 71
1733396492917 58.25679683685303 72
1733396583084 58.43272089958191 73
1733396673656 58.18050003051758 74
1733396764543 58.9373836517334 75
1733396854537 58.20464849472046 76
1733396945904 58.47083520889282 77
1733397037118 58.905587673187256 78
1733397127305 58.40460824966431 79
1733397218467 58.70077133178711 80
1733397308182 58.121363162994385 81
1733397397882 57.90368032455444 82
1733397488791 58.37288689613342 83
1733397578768 58.165581464767456 84
1733397668837 58.067126750946045 85
1733397759586 58.82872676849365 86
1733397849313 58.004101514816284 87
1733397939781 58.27653408050537 88
1733398030901 58.8535795211792 89
1733398121209 58.41518306732178 90
1733398212659 59.0261607170105 91
1733398303414 58.833613872528076 92
1733398394364 58.57309556007385 93
1733398486442 59.248520851135254 94
1733398577206 58.58767342567444 95
1733398669237 59.06127953529358 96
1733398760262 58.586108446121216 97
1733398851563 58.53788924217224 98
1733398942308 58.98116064071655 99
1733399033154 58.383750915527344 100
1733399124692 58.70319437980652 101
1733399215180 58.19128203392029 102
1733399305326 58.12520670890808 103
1733399396378 58.65403652191162 104
1733399486310 58.090007305145264 105
1733399577324 58.354100704193115 106
1733399668751 59.09626317024231 107
1733399759149 58.29532051086426 108
1733399850820 58.94126319885254 109
1733399941176 58.303054094314575 110
1733400032196 58.300424098968506 111
1733400123212 58.82512879371643 112
1733400213198 58.21567130088806 113
1733400304268 58.21727013587952 114
1733400394317 58.344951152801514 115
1733400484388 58.227328300476074 116
1733400575630 58.770694971084595 117
1733400665920 58.2049343585968 118
1733400756657 58.25952386856079 119
1733400847268 58.98130488395691 120
1733400936791 57.93455910682678 121
1733401028781 58.7174117565155 122
1733401118226 57.90523934364319 123
1733401208038 57.78799748420715 124
1733401298936 58.79308557510376 125
1733401388585 57.690624713897705 126
