1733390080793 2.8275696145799425 1
1733390170318 1.8756320916281806 2
1733390260448 1.7068307904561362 3
1733390350772 1.609407859632704 4
1733390441831 1.5365609416325887 5
1733390531681 1.483433278719584 6
1733390622995 1.435431588596768 7
1733390713197 1.3903647562026977 8
1733390803134 1.3532034080293442 9
1733390893855 1.3217821232901679 10
1733390983423 1.288166679149204 11
1733391073092 1.2630278531392416 12
1733391163639 1.232661303138733 13
1733391253290 1.2061879571914673 14
1733391344164 1.1852204732471041 15
1733391434565 1.163202909066942 16
1733391524325 1.1410699334886338 17
1733391615546 1.1217554686228435 18
1733391705355 1.1024771620432536 19
1733391795625 1.0866037133958604 20
1733391886147 1.067761226971944 21
1733391975745 1.047681956354777 22
1733392065897 1.0329013958189222 23
1733392155712 1.0129951904508803 24
1733392245014 0.9994143559773763 25
1733392336237 0.9828417103767395 26
1733392426853 0.9746787537468804 27
1733392517863 0.9536654682371352 28
1733392608631 0.9419099258422852 29
1733392699445 0.9329563339445326 30
1733392791134 0.9168697577900357 31
1733392881231 0.9073868052800497 32
1733392971687 0.8952176169819303 33
1733393062199 0.8860254987822639 34
1733393151192 0.872904482820299 35
1733393239111 0.8644035342640347 36
1733393330459 0.854824198797014 37
1733393420510 0.8421294906616211 38
1733393511766 0.8301962212032742 39
1733393602389 0.825067633427514 40
1733393692287 0.8176754780981276 41
1733393783060 0.8052512777646382 42
1733393872577 0.7922644662751092 43
1733393962438 0.7905420567830403 44
1733394053259 0.7816574364238316 45
1733394143027 0.7743272115177579 46
1733394233408 0.7657729989687602 47
1733394322585 0.7565539705594381 48
1733394411548 0.746086029571957 49
1733394502116 0.7396448257128397 50
1733394593341 0.733303595606486 51
1733394683491 0.7216582108285692 52
1733394774953 0.717714672809177 53
1733394864843 0.7172653830952115 54
1733394955472 0.7041314441363017 55
1733395045693 0.7000249045372009 56
1733395135546 0.6910758352385626 57
1733395226976 0.6851339168336656 58
1733395317334 0.6806454446050856 59
1733395407289 0.6757519321865506 60
1733395498560 0.6652621774037679 61
1733395588683 0.6579280767122905 62
1733395679056 0.656135922686259 63
1733395769876 0.651599206829071 64
1733395859548 0.6438460131963094 65
1733395949984 0.6392330197546218 66
1733396041030 0.6345155905935499 67
1733396130993 0.6308111932966444 68
1733396221445 0.6242916900846693 69
1733396311922 0.6185381074905395 70
1733396401470 0.6136569706704882 71
1733396492932 0.6076809593200684 72
1733396583099 0.6049225140995449 73
1733396673672 0.599978332901001 74
1733396764557 0.5943508355246649 75
1733396854553 0.5870930748409695 76
1733396945921 0.5844683119455973 77
1733397037133 0.5763197274102105 78
1733397127321 0.5742522991710239 79
1733397218482 0.5727883825196161 80
1733397308198 0.5662139120737711 81
1733397397898 0.5629151212268405 82
1733397488807 0.5579684384028117 83
1733397578783 0.5569563158459133 84
1733397668852 0.547682301235199 85
1733397759601 0.5475128141403198 86
1733397849328 0.5371651884714762 87
1733397939796 0.5344493694676293 88
1733398030917 0.5319692525439792 89
1733398121225 0.5318375023947822 90
1733398212675 0.5262952216996087 91
1733398303429 0.5121854004330105 92
1733398394383 0.5025839140044318 93
1733398486458 0.503614967420366 94
1733398577224 0.4992895468605889 95
1733398669254 0.4971497702598572 96
1733398760277 0.4984955902841356 97
1733398851582 0.4991447746806675 98
1733398942324 0.4956893731964959 99
1733399033168 0.49891148800320095 100
1733399124707 0.4967052222516802 101
1733399215194 0.49374731985727943 102
1733399305341 0.49151903137630887 103
1733399396393 0.49133496852450903 104
1733399486324 0.49384346612294516 105
1733399577339 0.4887026417308383 106
1733399668767 0.49406419795354206 107
1733399759166 0.49245465478897094 108
1733399850836 0.4882447056770325 109
1733399941191 0.4898184901078542 110
1733400032212 0.49400716949039036 111
1733400123226 0.48979809087117515 112
1733400213213 0.4896145343038771 113
1733400304282 0.4886154362890455 114
1733400394340 0.487870823987325 115
1733400484405 0.4861837486796909 116
1733400575646 0.4862133299297757 117
1733400665935 0.48056636213726467 118
1733400756683 0.4856174241754744 119
1733400847283 0.4858491460694207 120
1733400936807 0.4874894663651784 121
1733401028797 0.4817306352509393 122
1733401118241 0.48999904703034297 123
1733401208059 0.48371168519126045 124
1733401298952 0.4883980295287238 125
1733401388600 0.4896239619784885 126
