1733390080840 69.58 1
1733390170365 64.54888888888888 2
1733390260491 60.37777777777778 3
1733390350825 57.013333333333335 4
1733390441868 55.14 5
1733390531723 53.18888888888889 6
1733390623042 51.102222222222224 7
1733390713240 48.97111111111111 8
1733390803174 47.693333333333335 9
1733390893897 46.95555555555555 10
1733390983470 45.55111111111111 11
1733391073131 44.595555555555556 12
1733391163688 43.38444444444445 13
1733391253349 42.48444444444445 14
1733391344210 41.70444444444444 15
1733391434607 41.28222222222222 16
1733391524367 40.36222222222222 17
1733391615589 39.09111111111111 18
1733391705395 39.95333333333333 19
1733391795675 37.72888888888889 20
1733391886191 37.45777777777778 21
1733391975788 36.95111111111111 22
1733392065939 35.80444444444446 23
1733392155753 35.40222222222222 24
1733392245055 35.00222222222223 25
1733392336278 34.44222222222221 26
1733392426894 34.07333333333334 27
1733392517908 33.08666666666666 28
1733392608685 32.646666666666675 29
1733392699485 32.26222222222222 30
1733392791181 32.268888888888895 31
1733392881273 31.651111111111106 32
1733392971729 30.937777777777768 33
1733393062240 31.082222222222228 34
1733393151234 30.22 35
1733393239162 30.04222222222222 36
1733393330505 29.59777777777778 37
1733393420570 29.093333333333334 38
1733393511808 28.715555555555568 39
1733393602431 28.76888888888888 40
1733393692327 28.37555555555555 41
1733393783102 27.63111111111111 42
1733393872616 27.782222222222217 43
1733393962485 27.224444444444444 44
1733394053306 27.064444444444447 45
1733394143070 26.551111111111112 46
1733394233463 26.11555555555556 47
1733394322627 25.95777777777778 48
1733394411593 25.71333333333334 49
1733394502161 25.200000000000003 50
1733394593386 25.757777777777775 51
1733394683533 25.66000000000001 52
1733394774990 24.86 53
1733394864892 24.620000000000005 54
1733394955511 24.01777777777778 55
1733395045745 24.28 56
1733395135594 23.575555555555567 57
1733395227021 23.462222222222223 58
1733395317375 23.548888888888882 59
1733395407329 22.953333333333333 60
1733395498599 22.962222222222223 61
1733395588727 22.72666666666666 62
1733395679105 23.328888888888883 63
1733395769919 22.39999999999999 64
1733395859595 21.933333333333337 65
1733395950026 21.826666666666668 66
1733396041070 22.04222222222222 67
1733396131036 21.59111111111112 68
1733396221515 21.34888888888888 69
1733396311966 21.02444444444444 70
1733396401510 20.89333333333333 71
1733396492983 20.99111111111111 72
1733396583140 20.642222222222216 73
1733396673730 20.12888888888888 74
1733396764599 20.313333333333333 75
1733396854596 19.9711111111111 76
1733396945971 19.808888888888887 77
1733397037174 19.842222222222233 78
1733397127369 19.40222222222222 79
1733397218525 19.239999999999995 80
1733397308249 19.462222222222223 81
1733397397941 18.89333333333333 82
1733397488859 18.724444444444444 83
1733397578823 18.97333333333333 84
1733397668897 18.548888888888897 85
1733397759644 18.615555555555545 86
1733397849371 18.428888888888878 87
1733397939837 17.88444444444444 88
1733398030959 17.92 89
1733398121277 17.48222222222222 90
1733398212718 17.95777777777778 91
1733398303485 16.74444444444444 92
1733398394427 16.87555555555555 93
1733398486501 16.86 94
1733398577270 16.635555555555555 95
1733398669296 16.706666666666663 96
1733398760317 16.693333333333342 97
1733398851631 16.855555555555554 98
1733398942372 16.61333333333333 99
1733399033207 16.60666666666667 100
1733399124759 16.662222222222226 101
1733399215233 16.684444444444452 102
1733399305384 16.47999999999999 103
1733399396435 16.562222222222218 104
1733399486363 16.539999999999992 105
1733399577383 16.72888888888889 106
1733399668810 16.49111111111111 107
1733399759213 16.51777777777778 108
1733399850878 16.44666666666666 109
1733399941241 16.51777777777778 110
1733400032254 16.52444444444444 111
1733400123265 16.186666666666667 112
1733400213251 16.553333333333327 113
1733400304323 16.477777777777774 114
1733400394379 16.462222222222223 115
1733400484449 16.391111111111115 116
1733400575694 16.328888888888898 117
1733400665976 16.239999999999995 118
1733400756736 16.231111111111105 119
1733400847322 16.337777777777774 120
1733400936850 16.506666666666675 121
1733401028839 16.322222222222223 122
1733401118281 16.25555555555556 123
1733401208101 16.348888888888894 124
1733401298994 16.388888888888886 125
1733401388651 16.195555555555558 126
