1733644867543 54.435803174972534 1
1733644955807 56.12423801422119 2
1733645043356 56.3972225189209 3
1733645131294 56.641459941864014 4
1733645220023 56.650190591812134 5
1733645309033 57.27924823760986 6
1733645397060 56.58985948562622 7
1733645485241 56.56422138214111 8
1733645574654 56.83969449996948 9
1733645662826 56.79605412483215 10
1733645749046 55.6826593875885 11
1733645835793 55.42077946662903 12
1733645922781 55.9203827381134 13
1733646008711 55.48317098617554 14
1733646094710 55.523613691329956 15
1733646181207 55.60212826728821 16
1733646268007 55.785850524902344 17
1733646354353 55.79708766937256 18
1733646439727 55.30676507949829 19
1733646525604 55.42760992050171 20
1733646611762 55.35194706916809 21
1733646698069 55.42534112930298 22
1733646784283 55.75569438934326 23
1733646869837 55.543015003204346 24
1733646955633 55.401570558547974 25
1733647041671 55.459864377975464 26
1733647128081 55.563836336135864 27
1733647214030 55.7295560836792 28
1733647299547 55.24291634559631 29
1733647384880 55.23607015609741 30
1733647471370 55.434749364852905 31
1733647557758 55.90207314491272 32
1733647645606 55.60615658760071 33
1733647731423 55.66340780258179 34
1733647816647 55.49403786659241 35
1733647901110 54.63319993019104 36
1733647986242 54.75204586982727 37
1733648071439 54.87972450256348 38
1733648157621 55.568615198135376 39
1733648243445 55.40547442436218 40
1733648329159 55.54806327819824 41
1733648416045 55.81561827659607 42
1733648502242 55.717143535614014 43
1733648587953 55.51920986175537 44
1733648673612 55.31160569190979 45
1733648759664 55.506120681762695 46
1733648846303 55.502758264541626 47
1733648932663 55.90677356719971 48
1733649018457 55.43126654624939 49
1733649104176 55.361509799957275 50
1733649189522 55.2556414604187 51
1733649274194 54.793861865997314 52
1733649358816 54.72911334037781 53
1733649443004 54.960339069366455 54
1733649527979 54.67179226875305 55
1733649613497 55.29972219467163 56
1733649699409 55.43291664123535 57
1733649786464 55.71110796928406 58
1733649872324 55.93196392059326 59
1733649958050 55.33365750312805 60
1733650043678 55.36646103858948 61
1733650128880 55.14605975151062 62
1733650214808 55.27515912055969 63
1733650301177 55.50755763053894 64
1733650387123 55.82986068725586 65
1733650472807 55.483222007751465 66
1733650558139 55.253458976745605 67
1733650644215 55.08229398727417 68
1733650729611 55.786078691482544 69
1733650813228 54.47072911262512 70
1733650896909 54.285555362701416 71
1733650981864 54.500550270080566 72
1733651067138 55.23731327056885 73
1733651152484 55.096383571624756 74
1733651238815 55.28129005432129 75
1733651324806 55.677947759628296 76
1733651409746 55.068310022354126 77
1733651494714 54.86535120010376 78
1733651580254 55.256298303604126 79
1733651665726 55.062278509140015 80
1733651752440 55.690680503845215 81
1733651838611 55.72367525100708 82
1733651924170 55.2583122253418 83
1733652009930 55.20360231399536 84
1733652095378 55.20784401893616 85
1733652179702 54.46953344345093 86
1733652263185 54.16878914833069 87
1733652346178 54.118836402893066 88
1733652430612 54.52675914764404 89
1733652515354 54.90509629249573 90
1733652599960 54.80240488052368 91
1733652684435 54.62676501274109 92
1733652769226 54.95963215827942 93
1733652869481 57.620792865753174 94
1733652960557 60.674062967300415 95
1733653046155 55.42100930213928 96
1733653132467 55.4227135181427 97
1733653218622 55.44888687133789 98
1733653305156 55.6389582157135 99
1733653391980 55.99485373497009 100
1733653477928 55.59898591041565 101
1733653563568 55.254918813705444 102
1733653649372 55.282803773880005 103
1733653736140 55.51119875907898 104
1733653822522 55.90509557723999 105
1733653908602 55.51456594467163 106
1733653994705 55.426254987716675 107
1733654081307 55.92700529098511 108
1733654167445 55.50501370429993 109
1733654254666 55.61224174499512 110
1733654341430 56.33546543121338 111
1733654427108 55.449204444885254 112
1733654513261 55.33845615386963 113
1733654599689 55.762155294418335 114
1733654687039 55.6480450630188 115
1733654773844 56.160921812057495 116
1733654859739 55.598525047302246 117
1733654946001 55.411882162094116 118
1733655032463 55.87042832374573 119
1733655117555 54.86718964576721 120
1733655203518 55.29088568687439 121
