1733644867602 83.99777777777777 1
1733644955863 81.10222222222222 2
1733645043411 78.04222222222222 3
1733645131356 74.91111111111111 4
1733645220077 72.03111111111112 5
1733645309104 71.41777777777779 6
1733645397114 66.97777777777779 7
1733645485302 66.56444444444443 8
1733645574709 63.76444444444444 9
1733645662881 59.94222222222223 10
1733645749099 58.571111111111115 11
1733645835847 57.25555555555555 12
1733645922851 55.28 13
1733646008764 52.413333333333334 14
1733646094768 51.69555555555556 15
1733646181260 49.25333333333334 16
1733646268061 48.17111111111111 17
1733646354405 48.31111111111112 18
1733646439782 44.668888888888894 19
1733646525657 45.553333333333335 20
1733646611813 40.480000000000004 21
1733646698130 39.42 22
1733646784335 39.82666666666667 23
1733646869893 35.66222222222221 24
1733646955685 34.255555555555546 25
1733647041740 35.17333333333333 26
1733647128138 31.02000000000001 27
1733647214083 30.415555555555557 28
1733647299598 29.511111111111106 29
1733647384928 27.582222222222214 30
1733647471425 26.702222222222233 31
1733647557813 24.582222222222228 32
1733647645667 24.960000000000008 33
1733647731477 23.913333333333327 34
1733647816709 23.946666666666673 35
1733647901163 21.47555555555556 36
1733647986293 20.433333333333337 37
1733648071491 20.913333333333327 38
1733648157673 20.071111111111108 39
1733648243497 18.882222222222225 40
1733648329210 18.693333333333328 41
1733648416101 18.739999999999995 42
1733648502296 16.58 43
1733648588012 17.197777777777773 44
1733648673665 18.00888888888889 45
1733648759716 17.537777777777777 46
1733648846359 15.37777777777778 47
1733648932717 15.055555555555557 48
1733649018507 16.27111111111111 49
1733649104227 14.980000000000004 50
1733649189586 14.426666666666662 51
1733649274241 15.27333333333334 52
1733649358870 13.920000000000002 53
1733649443054 12.275555555555556 54
1733649528040 14.12222222222222 55
1733649613553 12.906666666666666 56
1733649699461 11.966666666666669 57
1733649786517 14.111111111111114 58
1733649872374 11.61555555555556 59
1733649958103 12.10444444444444 60
1733650043731 12.437777777777782 61
1733650128938 12.00666666666666 62
1733650214859 13.171111111111117 63
1733650301234 11.117777777777775 64
1733650387176 11.233333333333334 65
1733650472859 10.846666666666664 66
1733650558192 10.11999999999999 67
1733650644272 11.76222222222222 68
1733650729660 10.49333333333334 69
1733650813281 9.317777777777778 70
1733650896968 12.513333333333335 71
1733650981916 10.362222222222215 72
1733651067203 9.74444444444444 73
1733651152539 9.233333333333334 74
1733651238873 9.36888888888889 75
1733651324861 9.231111111111119 76
1733651409802 9.593333333333334 77
1733651494766 8.846666666666664 78
1733651580304 8.47333333333333 79
1733651665780 8.85111111111111 80
1733651752492 8.379999999999995 81
1733651838669 8.260000000000005 82
1733651924224 10.924444444444447 83
1733652009990 8.960000000000008 84
1733652095436 9.680000000000007 85
1733652179770 9.082222222222228 86
1733652263234 8.599999999999994 87
1733652346230 7.699999999999989 88
1733652430663 8.537777777777777 89
1733652515405 8.882222222222225 90
1733652600023 8.775555555555556 91
1733652684487 4.615555555555545 92
1733652769288 4.066666666666663 93
1733652869555 3.786666666666676 94
1733652960618 3.4599999999999937 95
1733653046208 3.5333333333333314 96
1733653132519 3.3177777777777777 97
1733653218678 3.0177777777777806 98
1733653305209 3.095555555555549 99
1733653392035 2.8755555555555503 100
1733653477979 2.75555555555556 101
1733653563620 2.8444444444444485 102
1733653649425 2.677777777777777 103
1733653736208 2.524444444444441 104
1733653822574 2.551111111111112 105
1733653908665 2.5133333333333354 106
1733653994758 2.504444444444445 107
1733654081362 2.3177777777777777 108
1733654167495 2.224444444444444 109
1733654254724 2.3333333333333286 110
1733654341482 2.102222222222224 111
1733654427160 2.117777777777775 112
1733654513322 2.091111111111104 113
1733654599740 2.0422222222222217 114
1733654687106 1.8222222222222229 115
1733654773897 1.8177777777777777 116
1733654859799 1.6911111111111126 117
1733654946055 1.7777777777777715 118
1733655032514 1.6355555555555554 119
1733655117623 1.7022222222222325 120
1733655203574 1.6777777777777771 121
