1733644867560 4.349730295393202 1
1733644955822 2.5050442623986138 2
1733645043371 2.278693222173055 3
1733645131309 2.1351142154693603 4
1733645220038 2.0408213951534697 5
1733645309050 1.9804072909673056 6
1733645397074 1.8804723707411024 7
1733645485258 1.8136155158784655 8
1733645574670 1.7416607578701444 9
1733645662840 1.685825545756022 10
1733645749060 1.6252524605645073 11
1733645835806 1.5793738208770751 12
1733645922796 1.5324840931362576 13
1733646008725 1.4860371353785198 14
1733646094724 1.442085326745775 15
1733646181221 1.3935488782670762 16
1733646268022 1.3520251424365572 17
1733646354368 1.3070516175164117 18
1733646439742 1.270989985868666 19
1733646525618 1.2198425931506687 20
1733646611775 1.183847237502204 21
1733646698092 1.133001168759664 22
1733646784297 1.0856372094684177 23
1733646869850 1.0425635695563422 24
1733646955647 0.9959422263675266 25
1733647041688 0.9556821518792047 26
1733647128095 0.9206871371269226 27
1733647214045 0.8774367898093329 28
1733647299561 0.836215288872189 29
1733647384893 0.8129073891003926 30
1733647471385 0.7759442657364739 31
1733647557773 0.7434117989010282 32
1733647645620 0.7100962585343255 33
1733647731438 0.68278154024548 34
1733647816664 0.6589035258822971 35
1733647901123 0.6366027771419949 36
1733647986256 0.6124290573861864 37
1733648071453 0.5935386716736688 38
1733648157635 0.5781657220946418 39
1733648243459 0.5582324383311802 40
1733648329173 0.538085162141588 41
1733648416059 0.5290409557342529 42
1733648502257 0.5133789792060852 43
1733648587967 0.49708701314926146 44
1733648673626 0.48468224679099187 45
1733648759679 0.4737099170684814 46
1733648846317 0.4568854936069912 47
1733648932677 0.4501252335601383 48
1733649018470 0.4340320263703664 49
1733649104190 0.4270184932231903 50
1733649189542 0.4216908761607276 51
1733649274207 0.4097012460072835 52
1733649358829 0.4004412454499139 53
1733649443017 0.3918375656657749 54
1733649527992 0.388413623491923 55
1733649613511 0.36909595664342243 56
1733649699423 0.36553439779281616 57
1733649786477 0.3527980631245507 58
1733649872337 0.3561205456256866 59
1733649958064 0.3458270894156562 60
1733650043692 0.33756427166197034 61
1733650128894 0.3347968434492747 62
1733650214821 0.32534423180421196 63
1733650301191 0.3201157361030579 64
1733650387136 0.3174434946484036 65
1733650472821 0.31327065096431306 66
1733650558153 0.3071585946612888 67
1733650644231 0.3042989643414815 68
1733650729624 0.2978755061891344 69
1733650813243 0.297586305809021 70
1733650896931 0.28696109862857394 71
1733650981877 0.28745539955563015 72
1733651067154 0.28361952427758114 73
1733651152498 0.27778372297286985 74
1733651238829 0.27234283061557346 75
1733651324820 0.2738954164293077 76
1733651409761 0.2666515998204549 77
1733651494728 0.2703570879459381 78
1733651580267 0.2623167264461517 79
1733651665740 0.2610309201452467 80
1733651752454 0.2594301084518433 81
1733651838624 0.25413541896078323 82
1733651924187 0.2506326440440284 83
1733652009944 0.24670125324726105 84
1733652095393 0.24365053352249993 85
1733652179719 0.2438947471194797 86
1733652263198 0.24437771680619982 87
1733652346193 0.24216395698123508 88
1733652430625 0.2381024941974216 89
1733652515368 0.2345048855834537 90
1733652599980 0.23515832220713298 91
1733652684449 0.17082759597301483 92
1733652769240 0.13849681279394363 93
1733652869502 0.13066269523302715 94
1733652960571 0.1270316144545873 95
1733653046168 0.11898811499012842 96
1733653132481 0.11174778287145827 97
1733653218637 0.10818657379680209 98
1733653305171 0.10612925686041515 99
1733653391996 0.10215664001703262 100
1733653477942 0.09941661360793644 101
1733653563582 0.09543159296711286 102
1733653649386 0.09350866744385826 103
1733653736153 0.09070751990874608 104
1733653822536 0.08968906900882721 105
1733653908616 0.08842621317969428 106
1733653994719 0.08253659725983938 107
1733654081322 0.08365994634495841 108
1733654167460 0.08224974967108832 109
1733654254681 0.07875963650941849 110
1733654341444 0.07937084057595994 111
1733654427122 0.07596046794917849 112
1733654513283 0.07433515545990732 113
1733654599702 0.07468748376634386 114
1733654687055 0.07109765059550603 115
1733654773858 0.06703812895880805 116
1733654859753 0.061700167993042204 117
1733654946015 0.06360132332642873 118
1733655032477 0.06413006319999695 119
1733655117578 0.06192434296210607 120
1733655203532 0.0631082094265355 121
