1733667907709 38.88810682296753 1
1733667968546 38.87714171409607 2
1733668029253 38.830336809158325 3
1733668090165 38.88388633728027 4
1733668151267 38.9350483417511 5
1733668212139 38.94654083251953 6
1733668273027 38.82569646835327 7
1733668333783 38.87087845802307 8
1733668394635 38.89632987976074 9
1733668455504 38.92323446273804 10
1733668516327 38.76417016983032 11
1733668577062 38.75559067726135 12
1733668637927 38.67248177528381 13
1733668698555 38.71928071975708 14
1733668759174 38.71697235107422 15
1733668819697 38.66511106491089 16
1733668880151 38.63719820976257 17
1733668940640 38.64112210273743 18
1733669001185 38.633111238479614 19
1733669061720 38.62323021888733 20
1733669122362 38.757617712020874 21
1733669183126 38.67727065086365 22
1733669243775 38.70451855659485 23
1733669304319 38.66790699958801 24
1733669364857 38.657540798187256 25
1733669425352 38.67122411727905 26
1733669485840 38.57620310783386 27
1733669546260 38.591787815093994 28
1733669606503 38.47208213806152 29
1733669667058 38.58012866973877 30
1733669727359 38.420920610427856 31
1733669787666 38.42560052871704 32
1733669848098 38.456844091415405 33
1733669908406 38.42338728904724 34
1733669968598 38.39985132217407 35
1733670028753 38.37038969993591 36
1733670089119 38.51093649864197 37
1733670149453 38.56458568572998 38
1733670209884 38.600860595703125 39
1733670270360 38.67252731323242 40
1733670330809 38.5731782913208 41
1733670391939 38.92661786079407 42
1733670452513 38.70919942855835 43
1733670513335 38.74728441238403 44
1733670573948 38.67737412452698 45
1733670634522 38.69610667228699 46
1733670695221 38.72732186317444 47
1733670756187 38.89618754386902 48
1733670816985 38.803520917892456 49
1733670877686 38.702361822128296 50
1733670938231 38.70579433441162 51
1733670998603 38.53853464126587 52
1733671059251 38.670785665512085 53
1733671120148 38.73013114929199 54
1733671180820 38.70419955253601 55
1733671241333 38.637127161026 56
1733671301871 38.627525091171265 57
1733671362370 38.60685396194458 58
1733671422853 38.59953022003174 59
1733671483253 38.542112827301025 60
1733671543776 38.59718322753906 61
1733671604407 38.59299635887146 62
1733671665010 38.66999173164368 63
1733671725397 38.552706480026245 64
1733671785923 38.592849016189575 65
1733671846447 38.61936926841736 66
1733671906836 38.56351137161255 67
1733671967349 38.55010676383972 68
1733672027906 38.57795429229736 69
1733672088534 38.700932264328 70
1733672148925 38.56384634971619 71
1733672209446 38.655128479003906 72
1733672269955 38.628178119659424 73
1733672330378 38.55338764190674 74
1733672390925 38.66214323043823 75
1733672451512 38.698997020721436 76
1733672511963 38.51578426361084 77
1733672572424 38.67628335952759 78
1733672633068 38.66912055015564 79
1733672693606 38.647366523742676 80
1733672754080 38.606122970581055 81
1733672814400 38.54165601730347 82
1733672874991 38.70964598655701 83
1733672935455 38.61907601356506 84
1733672996001 38.679363489151 85
1733673056418 38.63739991188049 86
1733673116794 38.612547159194946 87
1733673177167 38.6337103843689 88
1733673237543 38.53416609764099 89
1733673298072 38.590760469436646 90
1733673358570 38.62881588935852 91
1733673419168 38.71189522743225 92
1733673479595 38.65906023979187 93
1733673540010 38.517653942108154 94
1733673600430 38.546018838882446 95
1733673660765 38.588085412979126 96
1733673721175 38.58917427062988 97
1733673781519 38.60749959945679 98
1733673842132 38.72021508216858 99
1733673902634 38.57646727561951 100
1733673963100 38.629170179367065 101
1733674023519 38.57417821884155 102
1733674083672 38.4187958240509 103
1733674143964 38.46075987815857 104
1733674204223 38.50485944747925 105
1733674264454 38.5103542804718 106
1733674324807 38.60443449020386 107
1733674385460 38.65361404418945 108
1733674445839 38.607972383499146 109
1733674506253 38.51526713371277 110
1733674566497 38.545867919921875 111
1733674626759 38.52732253074646 112
1733674687319 38.65381669998169 113
1733674747722 38.517123222351074 114
1733674808245 38.56614804267883 115
1733674868620 38.593801736831665 116
1733674928920 38.48455834388733 117
1733674989167 38.45511841773987 118
1733675049652 38.725221395492554 119
1733675110118 38.60470414161682 120
1733675170591 38.61589813232422 121
