1733667907730 0.3825880309979121 1
1733667968557 0.10309782080252965 2
1733668029265 0.07693465661605199 3
1733668090176 0.06895631199826797 4
1733668151278 0.06294322396914165 5
1733668212149 0.06092577448189258 6
1733668273044 0.05485413749019305 7
1733668333794 0.05403335443139076 8
1733668394646 0.05221522221763929 9
1733668455517 0.05250407920281092 10
1733668516338 0.05233947972158591 11
1733668577073 0.05124293007055918 12
1733668637940 0.04932481029133002 13
1733668698575 0.04888079191644987 14
1733668759185 0.05052215585410595 15
1733668819719 0.04998853022456169 16
1733668880164 0.04916258906622728 17
1733668940652 0.04812266892095407 18
1733669001196 0.04844485756953557 19
1733669061731 0.04598795757393042 20
1733669122372 0.04724761531551679 21
1733669183137 0.0468788122455279 22
1733669243787 0.04606314265926679 23
1733669304331 0.046854903131723406 24
1733669364868 0.04599407165149848 25
1733669425365 0.04534620491266251 26
1733669485851 0.044504731304446855 27
1733669546271 0.042863530667622884 28
1733669606513 0.04466130153934161 29
1733669667069 0.043342895104984444 30
1733669727371 0.04315777120987574 31
1733669787677 0.04169391876459122 32
1733669848109 0.04295677374700705 33
1733669908418 0.04196687412460645 34
1733669968611 0.04298446109592915 35
1733670028765 0.042186895220478374 36
1733670089133 0.04102090350439151 37
1733670149470 0.0418598740696907 38
1733670209895 0.03895788762172063 39
1733670270372 0.042197333101431526 40
1733670330821 0.042758957914014656 41
1733670391950 0.03994662149945895 42
1733670452524 0.03828486206730207 43
1733670513346 0.04291442171633244 44
1733670573961 0.040583139766256014 45
1733670634535 0.04032509170969327 46
1733670695233 0.03879223170479139 47
1733670756201 0.0407087522794803 48
1733670817002 0.040152057358125846 49
1733670877698 0.03901021234889825 50
1733670938242 0.04005874476035436 51
1733670998620 0.03865692746937275 52
1733671059262 0.03873681519627571 53
1733671120160 0.0389900762061278 54
1733671180835 0.038150013549625876 55
1733671241347 0.03824056950360537 56
1733671301882 0.04076433518330256 57
1733671362381 0.03705564895371596 58
1733671422866 0.03820475903550784 59
1733671483266 0.03757149643500646 60
1733671543787 0.03684840376476447 61
1733671604419 0.0380243857562542 62
1733671665020 0.035747837153077125 63
1733671725408 0.037691157612204554 64
1733671785936 0.037552684219678244 65
1733671846458 0.03722389502127965 66
1733671906849 0.03861049360434214 67
1733671967361 0.03703718165904284 68
1733672027917 0.03693872919778029 69
1733672088544 0.03825964078406493 70
1733672148938 0.034867237220704554 71
1733672209457 0.03767314980427424 72
1733672269965 0.03522598795890808 73
1733672330389 0.03625910554031531 74
1733672390936 0.03558192107180754 75
1733672451523 0.035652382452289265 76
1733672511978 0.03621593672136466 77
1733672572438 0.03550284643570582 78
1733672633080 0.037576551330089566 79
1733672693619 0.0363883742471536 80
1733672754092 0.035587176218628884 81
1733672814410 0.03604117923503121 82
1733672875002 0.03533921425739924 83
1733672935466 0.036496318687001865 84
1733672996013 0.033499545386930306 85
1733673056429 0.03531258673022191 86
1733673116805 0.03614810547928016 87
1733673177180 0.035856159055233004 88
1733673237554 0.03544761658509572 89
1733673298088 0.03463810431063175 90
1733673358581 0.03360352320273717 91
1733673419179 0.023332888315369685 92
1733673479606 0.020514864001671473 93
1733673540021 0.019438975912332533 94
1733673600441 0.017992269094039996 95
1733673660778 0.01861823124140501 96
1733673721187 0.018000670702010394 97
1733673781531 0.017281321010986964 98
1733673842143 0.017690941672523816 99
1733673902645 0.016830930289874473 100
1733673963111 0.016639397523303828 101
1733674023530 0.01611205686380466 102
1733674083683 0.016460444815456866 103
1733674143976 0.01540649620940288 104
1733674204234 0.015353028390308221 105
1733674264465 0.014368120354165634 106
1733674324819 0.015382702822734913 107
1733674385471 0.014803507180636128 108
1733674445850 0.0145111430597802 109
1733674506265 0.014639035225659609 110
1733674566511 0.013935670260339976 111
1733674626776 0.013722607829421758 112
1733674687331 0.013298000777761141 113
1733674747734 0.012771565293272336 114
1733674808257 0.013140436014781395 115
1733674868632 0.011746496404334903 116
1733674928931 0.011413981798042854 117
1733674989177 0.011181024243806799 118
1733675049663 0.011197508650024732 119
1733675110130 0.011317355650663375 120
1733675170602 0.010833285758520167 121
