1733667907742 5.084999999999994 1
1733667968567 4.208333333333343 2
1733668029276 3.6933333333333422 3
1733668090186 3.0933333333333337 4
1733668151287 4.031666666666666 5
1733668212159 2.8783333333333445 6
1733668273056 3.0349999999999966 7
1733668333803 2.635000000000005 8
1733668394655 2.4766666666666737 9
1733668455529 1.5816666666666634 10
1733668516347 2.450000000000003 11
1733668577083 2.153333333333336 12
1733668637954 2.6166666666666742 13
1733668698585 1.5316666666666663 14
1733668759197 2.2833333333333314 15
1733668819733 1.306666666666672 16
1733668880175 2.739999999999995 17
1733668940675 1.548333333333332 18
1733669001206 2.1366666666666703 19
1733669061741 2.114999999999995 20
1733669122382 1.5349999999999966 21
1733669183148 1.298333333333332 22
1733669243796 2.6000000000000085 23
1733669304341 1.2433333333333252 24
1733669364878 1.288333333333341 25
1733669425376 1.413333333333327 26
1733669485862 1.096666666666664 27
1733669546281 1.9783333333333388 28
1733669606529 1.298333333333332 29
1733669667078 1.9966666666666697 30
1733669727382 1.2516666666666652 31
1733669787694 2.401666666666671 32
1733669848119 1.0916666666666686 33
1733669908428 1.5633333333333326 34
1733669968623 1.1083333333333343 35
1733670028775 1.1899999999999977 36
1733670089146 1.2099999999999937 37
1733670149480 1.3083333333333371 38
1733670209904 1.3083333333333371 39
1733670270382 1.711666666666673 40
1733670330831 1.2433333333333252 41
1733670391959 1.9416666666666629 42
1733670452534 1.5833333333333428 43
1733670513358 1.0733333333333377 44
1733670573973 1.403333333333336 45
1733670634553 1.1916666666666629 46
1733670695243 1.0466666666666669 47
1733670756214 1.0549999999999926 48
1733670817012 1.0183333333333309 49
1733670877707 1.3050000000000068 50
1733670938252 1.0333333333333314 51
1733670998631 1.1200000000000045 52
1733671059271 1.0883333333333383 53
1733671120170 0.9350000000000023 54
1733671180846 0.8816666666666748 55
1733671241359 0.9499999999999886 56
1733671301893 1.096666666666664 57
1733671362391 0.9066666666666663 58
1733671422877 1.4650000000000034 59
1733671483277 1.0600000000000023 60
1733671543797 0.9983333333333348 61
1733671604430 0.9200000000000017 62
1733671665030 0.8483333333333292 63
1733671725417 1.24166666666666 64
1733671785947 0.9399999999999977 65
1733671846471 0.9883333333333297 66
1733671906860 0.9449999999999932 67
1733671967379 1.0516666666666623 68
1733672027927 1.0883333333333383 69
1733672088554 0.943333333333328 70
1733672148949 1.2000000000000028 71
1733672209468 1.2916666666666714 72
1733672269975 0.8416666666666686 73
1733672330399 0.9333333333333371 74
1733672390946 1.1216666666666697 75
1733672451532 0.8533333333333246 76
1733672511991 0.8166666666666629 77
1733672572450 0.903333333333336 78
1733672633090 0.8850000000000051 79
1733672693631 0.9249999999999972 80
1733672754102 1.00833333333334 81
1733672814420 0.9933333333333394 82
1733672875012 1.3599999999999994 83
1733672935476 0.8549999999999898 84
1733672996024 0.9333333333333371 85
1733673056439 0.9499999999999886 86
1733673116815 0.8883333333333354 87
1733673177190 0.8733333333333348 88
1733673237565 0.818333333333328 89
1733673298098 0.875 90
1733673358591 0.8016666666666623 91
1733673419188 0.4766666666666737 92
1733673479623 0.42499999999999716 93
1733673540030 0.43166666666665776 94
1733673600452 0.39833333333334053 95
1733673660788 0.37000000000000455 96
1733673721197 0.40833333333333144 97
1733673781542 0.394999999999996 98
1733673842153 0.3499999999999943 99
1733673902655 0.34166666666666856 100
1733673963120 0.33499999999999375 101
1733674023539 0.32833333333333314 102
1733674083692 0.30666666666667197 103
1733674143986 0.33499999999999375 104
1733674204243 0.29999999999999716 105
1733674264475 0.2950000000000017 106
1733674324829 0.30333333333332746 107
1733674385481 0.29666666666666686 108
1733674445860 0.26166666666667027 109
1733674506278 0.3016666666666623 110
1733674566525 0.2883333333333411 111
1733674626786 0.25166666666666515 112
1733674687342 0.26166666666667027 113
1733674747745 0.3166666666666629 114
1733674808273 0.25500000000000966 115
1733674868644 0.21666666666666856 116
1733674928941 0.21999999999999886 117
1733674989187 0.22499999999999432 118
1733675049673 0.201666666666668 119
1733675110139 0.2150000000000034 120
1733675170613 0.20666666666666345 121
