1733574850060 34.68143963813782 1
1733574903030 33.11013650894165 2
1733574957048 31.83600687980652 3
1733575011567 32.20348525047302 4
1733575062973 31.697720050811768 5
1733575115238 32.407084941864014 6
1733575168520 31.978387117385864 7
1733575220136 31.849908351898193 8
1733575270570 30.427339792251587 9
1733575321539 31.28477931022644 10
1733575371636 30.510862588882446 11
1733575424034 31.808295488357544 12
1733575476002 32.0876579284668 13
1733575527674 31.516348123550415 14
1733575579984 32.123274087905884 15
1733575629659 30.08754324913025 16
1733575680904 31.498784065246582 17
1733575735069 31.98913598060608 18
1733575785810 30.99422836303711 19
1733575836002 30.54828143119812 20
1733575886086 30.407124042510986 21
1733575936039 30.253801584243774 22
1733575985876 30.226961135864258 23
1733576036834 31.270399808883667 24
1733576091104 32.021042346954346 25
1733576141734 30.437281370162964 26
1733576193084 31.627024173736572 27
1733576247562 32.23275804519653 28
1733576301028 32.35055947303772 29
1733576351108 30.48161005973816 30
1733576402779 31.724238872528076 31
1733576457257 32.19466185569763 32
1733576509790 32.905832052230835 33
1733576561068 30.261467218399048 34
1733576611736 30.967223644256592 35
1733576663328 31.878284215927124 36
1733576715161 32.061546325683594 37
1733576766414 30.271125316619873 38
1733576816363 30.176605463027954 39
1733576867527 31.375837564468384 40
1733576919520 32.23591756820679 41
1733576973423 31.546956300735474 42
1733577024923 31.69729733467102 43
1733577075334 30.775076627731323 44
1733577125343 30.229016304016113 45
1733577178522 31.11093258857727 46
1733577230477 32.27433252334595 47
1733577280519 30.351162433624268 48
1733577334063 31.33576273918152 49
1733577387204 30.75804591178894 50
1733577439804 32.82572364807129 51
1733577492463 32.92607355117798 52
1733577544512 32.24942398071289 53
1733577595280 30.99882483482361 54
1733577647809 31.859675407409668 55
1733577699589 31.91291046142578 56
1733577753312 31.390628576278687 57
1733577805077 32.05455732345581 58
1733577855218 30.425142526626587 59
1733577909017 31.41521191596985 60
1733577959394 30.578186988830566 61
1733578010191 31.15772771835327 62
1733578061032 31.007765769958496 63
1733578111858 31.12950587272644 64
1733578163415 31.768914461135864 65
1733578215608 32.38213896751404 66
1733578266991 30.83146572113037 67
1733578318954 32.17196726799011 68
1733578373620 31.814948797225952 69
1733578425139 31.7566020488739 70
1733578475557 30.629300594329834 71
1733578526602 31.334709644317627 72
1733578578799 32.38672685623169 73
1733578632840 32.33455204963684 74
1733578684677 32.01337766647339 75
1733578738331 31.22891139984131 76
1733578789934 31.79739475250244 77
1733578840390 30.617701292037964 78
1733578890478 30.352055549621582 79
1733578942319 32.09729838371277 80
1733578994822 32.7999210357666 81
1733579047480 30.48101568222046 82
1733579099158 32.044109582901 83
1733579149205 30.416030406951904 84
1733579200014 31.07289218902588 85
1733579253053 31.211207389831543 86
1733579305086 32.03941822052002 87
1733579355171 30.29417133331299 88
1733579405272 30.307260274887085 89
1733579455022 30.061904907226562 90
1733579508578 31.303871870040894 91
1733579558508 30.21024489402771 92
1733579608500 30.26423978805542 93
1733579661692 30.684905529022217 94
1733579715324 31.321797847747803 95
1733579769338 31.64535403251648 96
1733579820581 31.456824779510498 97
1733579870912 30.653220415115356 98
1733579920905 30.20894980430603 99
1733579971006 30.342440128326416 100
1733580021321 30.419046640396118 101
1733580074240 32.075992822647095 102
1733580127480 30.82550621032715 103
1733580178996 31.858141899108887 104
1733580233282 31.95681858062744 105
1733580285412 31.93865704536438 106
1733580335759 30.52077341079712 107
1733580386235 30.78031873703003 108
1733580440809 32.0914101600647 109
1733580491864 31.180448532104492 110
1733580545036 32.72837209701538 111
1733580595456 30.668936252593994 112
1733580650004 32.11397910118103 113
1733580700509 30.601966381072998 114
1733580750571 30.32621932029724 115
1733580801368 30.99395251274109 116
1733580851599 30.532533407211304 117
1733580905117 31.693111419677734 118
1733580957404 31.842678785324097 119
1733581008857 31.769723892211914 120
1733581060224 30.315367460250854 121
1733581111588 31.47002148628235 122
1733581166790 32.816694259643555 123
1733581218919 32.239036083221436 124
1733581270015 31.34810447692871 125
1733581320778 30.949736833572388 126
1733581373094 31.094022274017334 127
1733581426331 32.44614624977112 128
1733581480107 31.50330638885498 129
1733581530431 30.598407745361328 130
1733581582671 30.280102729797363 131
1733581634220 31.796122789382935 132
1733581688457 31.929317712783813 133
1733581740174 31.927714109420776 134
1733581793668 31.51261830329895 135
1733581845490 31.980811834335327 136
1733581897257 32.04376435279846 137
1733581953321 32.75020098686218 138
1733582005549 31.187199592590332 139
1733582055692 30.419763565063477 140
1733582109829 32.167526960372925 141
1733582160416 30.799195766448975 142
1733582211687 31.381649017333984 143
1733582264589 32.67609667778015 144
1733582318759 31.71008539199829 145
1733582370492 31.962764501571655 146
1733582421822 31.64623188972473 147
1733582472632 31.289345264434814 148
1733582523916 31.448447704315186 149
1733582576908 30.606149196624756 150
1733582628420 31.665143966674805 151
1733582682713 32.17972922325134 152
1733582737684 32.62081241607666 153
1733582788400 31.397989511489868 154
1733582841957 31.735023021697998 155
1733582892920 31.466878414154053 156
1733582944773 31.98942732810974 157
1733582995313 30.79709482192993 158
1733583049193 31.51202917098999 159
1733583099544 30.65977907180786 160
1733583153024 31.063618183135986 161
1733583204330 31.51576519012451 162
1733583255275 30.990434408187866 163
1733583306058 30.974780082702637 164
1733583356659 30.78639793395996 165
1733583410739 31.904083251953125 166
1733583462902 32.32703471183777 167
1733583517152 32.58196997642517 168
1733583568939 32.0029661655426 169
1733583619740 30.949344396591187 170
1733583670207 30.54456925392151 171
1733583722180 30.85091757774353 172
1733583775435 32.80385947227478 173
1733583829928 32.66091990470886 174
1733583881159 31.181946992874146 175
1733583933026 31.414884090423584 176
1733583984781 31.904175281524658 177
1733584035450 30.75333571434021 178
1733584085494 30.306143045425415 179
1733584139882 31.951234579086304 180
1733584191002 31.2770676612854 181
1733584245390 32.03614687919617 182
