1733574850073 1.9475918312284681 1
1733574903033 1.3664967834684585 2
1733574957052 1.1641807499143813 3
1733575011570 1.0338616582658555 4
1733575062977 0.9345282027562459 5
1733575115242 0.8522936168776618 6
1733575168523 0.7831790016598171 7
1733575220139 0.727067657936944 8
1733575270573 0.6867712368859185 9
1733575321543 0.6465672648111979 10
1733575371639 0.6173326041380565 11
1733575424038 0.5889509444342719 12
1733575476012 0.5615311696476406 13
1733575527677 0.5524163010173374 14
1733575579987 0.5319194404390123 15
1733575629662 0.509757232454088 16
1733575680907 0.4895204512278239 17
1733575735072 0.4740427260292901 18
1733575785813 0.45817222254011364 19
1733575836005 0.4512003716574775 20
1733575886089 0.43682294556829665 21
1733575936042 0.42452839454544916 22
1733575985880 0.4085720385975308 23
1733576036838 0.40120557396676804 24
1733576091107 0.3935676245212555 25
1733576141737 0.3768326214472453 26
1733576193087 0.37772129655943976 27
1733576247566 0.3658220686753591 28
1733576301032 0.3521899341477288 29
1733576351112 0.3431357600477007 30
1733576402784 0.33872613706588744 31
1733576457266 0.33243908291392854 32
1733576509793 0.3260957486841414 33
1733576561071 0.31987342703342436 34
1733576611739 0.3135096756537755 35
1733576663331 0.30405740808380977 36
1733576715165 0.2982784894651837 37
1733576766417 0.29469837174945407 38
1733576816366 0.2863374157852597 39
1733576867530 0.28114289441373613 40
1733576919523 0.2816357548528247 41
1733576973427 0.2720924348619249 42
1733577024926 0.27006659514639114 43
1733577075337 0.26027218315336437 44
1733577125347 0.25711594740284816 45
1733577178525 0.25544591659969756 46
1733577230481 0.2463610485765669 47
1733577280523 0.2438490179379781 48
1733577334066 0.23960059870613945 49
1733577387207 0.2378760386996799 50
1733577439808 0.2319644787006908 51
1733577492467 0.22370581533643935 52
1733577544515 0.22115226295789084 53
1733577595284 0.2180301898823844 54
1733577647813 0.21741006915039487 55
1733577699592 0.2149480340798696 56
1733577753316 0.21092211281988354 57
1733577805080 0.2020517191886902 58
1733577855221 0.20640551490253872 59
1733577909021 0.20224038144747417 60
1733577959397 0.1961358544561598 61
1733578010194 0.1937365477429496 62
1733578061036 0.19485449194113413 63
1733578111861 0.1859559343655904 64
1733578163419 0.18956934241718715 65
1733578215611 0.17841665068997278 66
1733578266994 0.18168805539872912 67
1733578318958 0.1778520088672638 68
1733578373623 0.17786500583224826 69
1733578425142 0.17212623897128634 70
1733578475561 0.17680607215563457 71
1733578526606 0.17005597546100618 72
1733578578802 0.16661248537434473 73
1733578632843 0.16367182379033832 74
1733578684680 0.16599028473960029 75
1733578738335 0.1581454593234592 76
1733578789938 0.16154610811869302 77
1733578840394 0.1601673637919956 78
1733578890488 0.16059853416548836 79
1733578942322 0.14909845435884264 80
1733578994825 0.15147519334687126 81
1733579047483 0.15151608323521085 82
1733579099162 0.14533909775416057 83
1733579149208 0.14525140189594693 84
1733579200018 0.14751699406041038 85
1733579253062 0.1413781880815824 86
1733579305089 0.1429707589705785 87
1733579355175 0.1389760192738639 88
1733579405275 0.14010390311876933 89
1733579455025 0.1401693815867106 90
1733579508581 0.13613537635803222 91
1733579558511 0.09221365847852495 92
1733579608503 0.0751441986825731 93
1733579661695 0.07187853263219197 94
1733579715327 0.06890780474940936 95
1733579769342 0.0639221636335055 96
1733579820584 0.06280148592260149 97
1733579870915 0.060217673864629534 98
1733579920911 0.06072041780021455 99
1733579971009 0.05666653728021516 100
1733580021324 0.05807530117697186 101
1733580074243 0.05481495898763339 102
1733580127483 0.05324301827483707 103
1733580179000 0.05353388812012143 104
1733580233286 0.05023498445749283 105
1733580285416 0.0499258885939916 106
1733580335763 0.05021513443787893 107
1733580386239 0.04961388462715679 108
1733580440813 0.04725511381957266 109
1733580491867 0.04699907223118676 110
1733580545039 0.04756847179979086 111
1733580595460 0.044604571227398186 112
1733580650008 0.0451238186624315 113
1733580700513 0.04379383522603247 114
1733580750575 0.043874543790684804 115
1733580801372 0.042831586730480195 116
1733580851603 0.043372035843465065 117
1733580905120 0.0417430919110775 118
1733580957407 0.04124231058028009 119
1733581008861 0.04075843962430954 120
1733581060227 0.040444908940792085 121
1733581111592 0.04034464127752516 122
1733581166793 0.040535790453685654 123
1733581218923 0.03906728831264708 124
1733581270019 0.03837695106863975 125
1733581320781 0.03911834754612711 126
1733581373097 0.03981776949895753 127
1733581426335 0.03849804327223036 128
1733581480110 0.039283873413337604 129
1733581530434 0.03721371441284815 130
1733581582675 0.03631357543004884 131
1733581634224 0.03756059733066294 132
1733581688460 0.03574576927026113 133
1733581740177 0.03472394966284434 134
1733581793671 0.03428535829782486 135
1733581845494 0.03330600046051873 136
1733581897260 0.03277264992197355 137
1733581953336 0.03147558225509193 138
1733582005553 0.032091349675920276 139
1733582055696 0.030906326206525166 140
1733582109832 0.03099278445707427 141
1733582160420 0.030087377859486474 142
1733582211691 0.03113603055212233 143
1733582264592 0.03177961906823847 144
1733582318762 0.030842337692115043 145
1733582370496 0.029502705584632027 146
1733582421825 0.027942188054654333 147
1733582472635 0.028350682626830208 148
1733582523920 0.029985303577449586 149
1733582576911 0.028905977383587095 150
1733582628423 0.029951290844546424 151
1733582682717 0.030392037295964028 152
1733582737688 0.028127082677640847 153
1733582788403 0.0294042225357559 154
1733582841960 0.0292393370664782 155
1733582892923 0.030534214554892646 156
1733582944776 0.028035352730088763 157
1733582995316 0.02865720789399412 158
1733583049196 0.028948438353008695 159
1733583099547 0.02934784281320042 160
1733583153028 0.02946845952702893 161
1733583204334 0.02902128039929602 162
1733583255278 0.027904360692037476 163
1733583306061 0.027791374250915317 164
1733583356662 0.027638691901498372 165
1733583410742 0.0274012585832013 166
1733583462905 0.027249663534429338 167
1733583517156 0.02825362506972419 168
1733583568943 0.02677592353059186 169
1733583619743 0.027896865589088864 170
1733583670210 0.027881347145636875 171
1733583722183 0.027106377706925075 172
1733583775438 0.0277148976749844 173
1733583829931 0.029295329832368426 174
1733583881162 0.029302834978368546 175
1733583933029 0.028119212591648103 176
1733583984786 0.02729251055419445 177
1733584035453 0.026769665639433594 178
1733584085499 0.027795757569207085 179
1733584139885 0.028304152044322756 180
1733584191006 0.02828521831565433 181
1733584245393 0.027422082235415778 182
