1733574850110 53.797777777777775 1
1733574903041 48.488888888888894 2
1733574957060 39.26444444444444 3
1733575011578 39.87111111111111 4
1733575062985 34.32888888888888 5
1733575115250 31.677777777777777 6
1733575168531 27.602222222222224 7
1733575220147 27.933333333333337 8
1733575270587 25.582222222222214 9
1733575321552 23.388888888888886 10
1733575371647 22.942222222222213 11
1733575424045 20.646666666666675 12
1733575476019 19.924444444444447 13
1733575527685 20.455555555555563 14
1733575580001 18.90444444444445 15
1733575629672 18.837777777777774 16
1733575680915 16.25999999999999 17
1733575735080 16.36666666666666 18
1733575785822 18.777777777777786 19
1733575836013 15.766666666666666 20
1733575886101 15.900000000000006 21
1733575936050 18.537777777777777 22
1733575985888 17.48444444444445 23
1733576036845 15.011111111111106 24
1733576091115 16.70888888888888 25
1733576141745 15.49111111111111 26
1733576193095 13.22888888888889 27
1733576247575 13.85111111111111 28
1733576301039 16.206666666666663 29
1733576351119 12.557777777777773 30
1733576402793 12.215555555555554 31
1733576457274 11.0 32
1733576509800 12.037777777777777 33
1733576561079 12.322222222222223 34
1733576611747 12.862222222222215 35
1733576663339 10.815555555555562 36
1733576715173 12.402222222222221 37
1733576766426 9.751111111111115 38
1733576816384 10.504444444444445 39
1733576867544 10.828888888888883 40
1733576919532 11.077777777777769 41
1733576973435 9.984444444444435 42
1733577024934 10.586666666666673 43
1733577075345 8.813333333333333 44
1733577125355 9.666666666666671 45
1733577178533 8.50888888888889 46
1733577230490 8.85111111111111 47
1733577280530 10.49111111111111 48
1733577334074 9.308888888888887 49
1733577387216 8.99111111111111 50
1733577439816 11.088888888888889 51
1733577492476 7.435555555555553 52
1733577544524 8.060000000000002 53
1733577595292 8.97333333333333 54
1733577647822 11.086666666666673 55
1733577699600 7.4311111111111074 56
1733577753324 7.062222222222232 57
1733577805089 8.691111111111113 58
1733577855230 8.61333333333333 59
1733577909029 8.435555555555553 60
1733577959407 7.299999999999997 61
1733578010202 8.264444444444436 62
1733578061045 6.686666666666667 63
1733578111869 6.47999999999999 64
1733578163426 7.004444444444445 65
1733578215620 6.711111111111109 66
1733578267003 6.917777777777772 67
1733578318967 6.673333333333332 68
1733578373632 6.444444444444443 69
1733578425151 7.188888888888883 70
1733578475569 5.922222222222217 71
1733578526614 6.4977777777777845 72
1733578578811 5.902222222222221 73
1733578632851 5.964444444444453 74
1733578684688 6.335555555555558 75
1733578738342 7.171111111111102 76
1733578789946 6.515555555555551 77
1733578840403 6.913333333333341 78
1733578890499 8.49111111111111 79
1733578942330 7.604444444444454 80
1733578994833 6.524444444444441 81
1733579047491 6.268888888888895 82
1733579099170 5.760000000000005 83
1733579149216 6.148888888888891 84
1733579200026 5.582222222222228 85
1733579253156 5.340000000000003 86
1733579305098 4.986666666666665 87
1733579355183 10.295555555555552 88
1733579405283 5.0288888888889005 89
1733579455033 5.311111111111117 90
1733579508589 6.148888888888891 91
1733579558520 2.4311111111111074 92
1733579608511 1.8888888888888857 93
1733579661703 1.7666666666666657 94
1733579715335 1.7622222222222206 95
1733579769350 1.5555555555555571 96
1733579820593 1.5244444444444412 97
1733579870926 1.3199999999999932 98
1733579920924 1.4444444444444429 99
1733579971017 1.3288888888888835 100
1733580021331 1.3044444444444423 101
1733580074252 1.3488888888888937 102
1733580127491 1.25555555555556 103
1733580179007 1.306666666666672 104
1733580233294 1.2422222222222246 105
1733580285425 1.2066666666666634 106
1733580335772 1.2066666666666634 107
1733580386248 1.25555555555556 108
1733580440821 1.0888888888888886 109
1733580491875 1.0622222222222177 110
1733580545046 1.0333333333333314 111
1733580595468 0.9911111111111097 112
1733580650022 0.9711111111111137 113
1733580700522 1.0266666666666708 114
1733580750583 0.9911111111111097 115
1733580801381 1.0222222222222257 116
1733580851613 0.9755555555555588 117
1733580905129 0.9822222222222194 118
1733580957415 1.12222222222222 119
1733581008869 0.9222222222222172 120
1733581060242 0.8844444444444406 121
1733581111602 0.9066666666666663 122
1733581166802 0.9444444444444429 123
1733581218931 0.8711111111111052 124
1733581270027 0.837777777777788 125
1733581320790 0.8644444444444446 126
1733581373107 0.8044444444444423 127
1733581426343 0.8888888888888857 128
1733581480118 0.8622222222222149 129
1733581530443 0.7999999999999972 130
1733581582683 0.8444444444444485 131
1733581634233 0.7711111111111109 132
1733581688468 0.7288888888888891 133
1733581740185 0.6955555555555577 134
1733581793679 0.6822222222222223 135
1733581845502 0.7288888888888891 136
1733581897269 0.6666666666666714 137
1733581953438 0.6244444444444497 138
1733582005561 0.6444444444444457 139
1733582055704 0.5977777777777789 140
1733582109841 0.673333333333332 141
1733582160429 0.6666666666666714 142
1733582211699 0.5888888888888886 143
1733582264600 0.5866666666666731 144
1733582318771 0.5799999999999983 145
1733582370505 0.571111111111108 146
1733582421833 0.6066666666666691 147
1733582472644 0.5888888888888886 148
1733582523928 0.5733333333333377 149
1733582576920 0.6200000000000045 150
1733582628431 0.5799999999999983 151
1733582682725 0.5377777777777766 152
1733582737696 0.5977777777777789 153
1733582788411 0.5755555555555532 154
1733582841969 0.5066666666666606 155
1733582892931 0.5644444444444474 156
1733582944787 0.5844444444444434 157
1733582995325 0.5333333333333314 158
1733583049205 0.5866666666666731 159
1733583099557 0.642222222222216 160
1733583153036 0.5644444444444474 161
1733583204342 0.5666666666666771 162
1733583255286 0.5066666666666606 163
1733583306070 0.5755555555555532 164
1733583356671 0.5444444444444514 165
1733583410751 0.4911111111111097 166
1733583462915 0.6200000000000045 167
1733583517164 0.5377777777777766 168
1733583568953 0.5644444444444474 169
1733583619753 0.5822222222222138 170
1733583670218 0.5622222222222177 171
1733583722191 0.5177777777777663 172
1733583775446 0.5666666666666771 173
1733583829939 0.4866666666666646 174
1733583881170 0.5088888888888903 175
1733583933037 0.5177777777777663 176
1733583984794 0.5155555555555509 177
1733584035461 0.519999999999996 178
1733584085508 0.5155555555555509 179
1733584139893 0.4933333333333394 180
1733584191013 0.5377777777777766 181
1733584245401 0.5333333333333314 182
