1733591393181 35.8042254447937 1
1733591452198 35.552574157714844 2
1733591514885 37.170488119125366 3
1733591574453 34.9121618270874 4
1733591633997 35.26972508430481 5
1733591693977 36.256603717803955 6
1733591752197 34.98001837730408 7
1733591814917 37.61201071739197 8
1733591874827 35.16323137283325 9
1733591933996 35.2412588596344 10
1733591995699 35.715887784957886 11
1733592055348 35.08265423774719 12
1733592115404 35.32573866844177 13
1733592174215 34.325074911117554 14
1733592235435 36.08745241165161 15
1733592295577 34.755306005477905 16
1733592352384 33.775949001312256 17
1733592410654 35.218562841415405 18
1733592469054 35.328070878982544 19
1733592527062 34.242894649505615 20
1733592585742 35.36426067352295 21
1733592643517 35.1012749671936 22
1733592702107 35.137574434280396 23
1733592761255 35.49507117271423 24
1733592819025 34.683332681655884 25
1733592880188 36.13763737678528 26
1733592940902 35.354859828948975 27
1733593000302 35.03700256347656 28
1733593058847 34.09949064254761 29
1733593117935 35.53158354759216 30
1733593176244 34.95578908920288 31
1733593233169 34.07995390892029 32
1733593293244 35.155221700668335 33
1733593352499 36.01074504852295 34
1733593414274 36.9014835357666 35
1733593474097 36.18883657455444 36
1733593532545 34.30410146713257 37
1733593592595 35.94582939147949 38
1733593655535 36.571409940719604 39
1733593714797 34.83851933479309 40
1733593772110 34.10882878303528 41
1733593830396 35.29398822784424 42
1733593887485 33.692058801651 43
1733593947577 35.77152156829834 44
1733594009474 36.02397084236145 45
1733594069255 35.25878405570984 46
1733594128976 35.85028648376465 47
1733594188091 34.66895413398743 48
1733594247484 35.4618284702301 49
1733594306558 35.7216215133667 50
1733594365227 35.044562578201294 51
1733594425866 35.20292592048645 52
1733594487492 35.764703035354614 53
1733594548979 36.12270641326904 54
1733594608542 35.597522497177124 55
1733594668310 35.96742796897888 56
1733594730124 36.68445897102356 57
1733594790235 35.41649103164673 58
1733594852179 35.939958333969116 59
1733594911258 35.71123671531677 60
1733594971478 35.63923096656799 61
1733595030722 35.898825883865356 62
1733595092676 35.64439916610718 63
1733595153161 36.083383083343506 64
1733595214187 35.83002185821533 65
1733595274763 36.02865195274353 66
1733595336699 36.0316379070282 67
1733595397694 36.58484721183777 68
1733595460620 35.5146267414093 69
1733595521914 36.313448667526245 70
1733595582719 36.338643074035645 71
1733595642401 35.56946301460266 72
1733595706501 36.789915323257446 73
1733595766269 35.75111246109009 74
1733595825746 36.70724177360535 75
1733595885214 35.098564863204956 76
1733595944711 34.486892223358154 77
1733596006817 35.26265239715576 78
1733596068086 36.62847375869751 79
1733596128887 36.110843896865845 80
1733596189435 36.07517051696777 81
1733596249547 36.506800174713135 82
1733596310371 36.05350399017334 83
1733596369888 35.1278862953186 84
1733596428309 33.68989562988281 85
1733596489051 35.71495723724365 86
1733596547901 34.36145353317261 87
1733596607259 34.96108269691467 88
1733596666687 35.46498727798462 89
1733596727142 36.2264564037323 90
1733596787986 36.136913537979126 91
1733596849033 35.40338897705078 92
1733596909754 35.62705206871033 93
1733596968952 34.45081925392151 94
1733597027632 35.33437442779541 95
1733597087161 36.50335073471069 96
1733597147847 36.591038942337036 97
1733597210424 36.973268032073975 98
1733597271321 36.30501842498779 99
1733597330376 35.93242287635803 100
1733597389816 35.786866426467896 101
1733597448981 34.564350843429565 102
1733597510617 35.932103395462036 103
1733597569969 34.82593750953674 104
1733597630248 35.30094289779663 105
1733597687522 34.025880575180054 106
1733597747297 36.62860631942749 107
1733597808906 36.74290728569031 108
1733597868475 34.78399682044983 109
1733597927535 35.382569313049316 110
1733597987076 35.76670479774475 111
1733598046750 35.954679012298584 112
1733598106123 36.23280072212219 113
1733598165453 35.17631816864014 114
1733598223777 35.37782597541809 115
1733598285526 36.88949966430664 116
1733598345137 35.60015940666199 117
1733598405672 36.193169355392456 118
1733598465218 35.37953281402588 119
1733598525542 36.1372230052948 120
1733598587547 36.28832411766052 121
1733598647290 36.25268054008484 122
1733598706872 35.9962375164032 123
1733598768652 36.43063569068909 124
1733598828744 35.784096002578735 125
1733598890426 36.54206418991089 126
1733598950375 34.67225122451782 127
1733599011450 34.77369260787964 128
1733599071912 35.41636419296265 129
1733599131787 35.54054856300354 130
1733599191039 35.87335991859436 131
1733599250338 34.632744550704956 132
1733599311514 35.19296216964722 133
1733599371000 34.80223512649536 134
1733599430581 34.99042105674744 135
1733599488861 34.5062997341156 136
1733599548029 35.36482834815979 137
1733599608425 35.79715943336487 138
1733599669953 35.347618103027344 139
1733599728675 34.99682092666626 140
1733599789198 36.706409215927124 141
1733599847323 34.35993266105652 142
1733599907340 36.28954601287842 143
1733599968133 36.05496644973755 144
1733600028201 36.08741068840027 145
1733600087884 36.304234981536865 146
1733600148265 36.12307929992676 147
1733600207746 36.003485679626465 148
1733600267029 35.93607497215271 149
1733600326587 36.2035973072052 150
1733600385013 35.35667610168457 151
1733600443671 34.84186005592346 152
1733600502793 35.20044541358948 153
1733600563798 36.041922092437744 154
1733600625109 36.08514189720154 155
1733600685863 34.75155973434448 156
1733600746745 35.86567807197571 157
1733600808595 35.50134992599487 158
1733600870040 36.54093027114868 159
1733600927793 34.596659898757935 160
1733600986943 35.61289048194885 161
1733601046384 36.378010988235474 162
1733601107875 35.797948122024536 163
1733601166679 35.389920234680176 164
1733601226535 35.513628244400024 165
1733601286435 35.59634232521057 166
1733601344317 34.54533576965332 167
1733601402458 34.895044803619385 168
1733601459421 34.61046528816223 169
1733601517132 35.239195346832275 170
1733601575525 36.01150989532471 171
1733601632949 35.81642174720764 172
1733601690595 35.71905851364136 173
1733601748169 35.115235805511475 174
1733601805638 35.77611756324768 175
1733601862939 35.835511922836304 176
1733601922166 37.11648082733154 177
1733601980943 36.41154742240906 178
1733602040935 36.65881633758545 179
1733602099676 36.56124448776245 180
1733602157997 35.56149339675903 181
1733602211434 32.475637435913086 182
