1733591393192 53.355555555555554 1
1733591452214 34.093333333333334 2
1733591514908 35.784444444444446 3
1733591574474 27.98444444444445 4
1733591634153 27.195555555555558 5
1733591694004 24.12222222222222 6
1733591752217 25.58888888888889 7
1733591814929 24.519999999999996 8
1733591874841 18.768888888888895 9
1733591934014 19.488888888888894 10
1733591995711 20.08666666666666 11
1733592055360 20.02666666666667 12
1733592115415 19.502222222222215 13
1733592174445 18.60444444444444 14
1733592235447 17.593333333333334 15
1733592295589 19.926666666666677 16
1733592352395 15.211111111111109 17
1733592410666 18.308888888888887 18
1733592469066 18.897777777777776 19
1733592527246 14.473333333333343 20
1733592585754 19.77111111111111 21
1733592643554 15.162222222222226 22
1733592702267 16.951111111111103 23
1733592761450 25.022222222222226 24
1733592819143 15.693333333333342 25
1733592880354 16.72222222222223 26
1733592941051 14.913333333333327 27
1733593000314 18.78 28
1733593059053 15.36 29
1733593117946 16.74444444444444 30
1733593176437 14.23555555555555 31
1733593233182 13.206666666666663 32
1733593293440 16.560000000000002 33
1733593352511 16.551111111111112 34
1733593414435 14.948888888888888 35
1733593474116 14.435555555555553 36
1733593532744 13.442222222222227 37
1733593592743 15.711111111111109 38
1733593655699 13.575555555555553 39
1733593714809 14.973333333333343 40
1733593772123 17.58888888888889 41
1733593830412 16.471111111111114 42
1733593887499 15.268888888888881 43
1733593947589 13.455555555555549 44
1733594009643 12.397777777777776 45
1733594069441 7.893333333333331 46
1733594129149 7.199999999999989 47
1733594188334 6.820000000000007 48
1733594247657 6.47999999999999 49
1733594306569 6.177777777777777 50
1733594365367 5.982222222222219 51
1733594425878 5.862222222222229 52
1733594487734 5.515555555555551 53
1733594549157 5.315555555555548 54
1733594608739 5.36666666666666 55
1733594668545 5.077777777777783 56
1733594730137 4.897777777777776 57
1733594790247 4.713333333333338 58
1733594852191 4.742222222222225 59
1733594911272 4.6200000000000045 60
1733594971490 4.395555555555546 61
1733595030744 4.4311111111111074 62
1733595092689 4.055555555555557 63
1733595153175 4.060000000000002 64
1733595214202 4.064444444444447 65
1733595274774 4.0688888888888926 66
1733595336711 3.646666666666661 67
1733595397707 3.7422222222222246 68
1733595460672 3.595555555555549 69
1733595521926 3.3866666666666703 70
1733595582934 3.417777777777772 71
1733595642537 3.382222222222225 72
1733595706515 3.4911111111111097 73
1733595766288 3.219999999999999 74
1733595825758 3.437777777777768 75
1733595885227 3.306666666666672 76
1733595944722 3.2622222222222206 77
1733596006839 2.9577777777777783 78
1733596068099 2.9066666666666663 79
1733596128899 2.8911111111111154 80
1733596189447 2.8488888888888937 81
1733596249563 2.7733333333333405 82
1733596310386 2.8088888888888874 83
1733596369900 3.0288888888888863 84
1733596428321 2.9111111111111114 85
1733596489065 2.5844444444444434 86
1733596547913 3.2155555555555537 87
1733596607271 2.337777777777788 88
1733596666933 3.015555555555565 89
1733596727344 2.535555555555561 90
1733596788150 2.9711111111111137 91
1733596849243 1.8044444444444423 92
1733596909768 1.7133333333333383 93
1733596969154 1.6599999999999966 94
1733597027644 1.591111111111104 95
1733597087176 1.551111111111112 96
1733597148046 1.5066666666666606 97
1733597210561 1.4977777777777703 98
1733597271335 1.417777777777772 99
1733597330391 1.4622222222222234 100
1733597389828 1.2466666666666697 101
1733597449249 1.3333333333333286 102
1733597510629 1.2666666666666657 103
1733597569983 1.2777777777777715 104
1733597630260 1.3155555555555623 105
1733597687536 1.3599999999999994 106
1733597747309 1.2288888888888891 107
1733597808922 1.1844444444444377 108
1733597868730 1.2711111111111109 109
1733597927547 1.173333333333332 110
1733597987259 1.193333333333328 111
1733598046766 1.1511111111111205 112
1733598106134 1.1644444444444417 113
1733598165466 1.0133333333333354 114
1733598223952 1.2155555555555537 115
1733598285536 1.1066666666666691 116
1733598345149 1.086666666666673 117
1733598405683 1.1066666666666691 118
1733598465446 1.0111111111111057 119
1733598525553 1.1244444444444355 120
1733598587645 1.0222222222222257 121
1733598647301 1.0933333333333337 122
1733598707031 1.0 123
1733598768762 1.0066666666666606 124
1733598828755 0.9844444444444491 125
1733598890438 1.0466666666666669 126
1733598950387 0.8844444444444406 127
1733599011469 0.928888888888892 128
1733599071925 0.9844444444444491 129
1733599131799 0.9466666666666583 130
1733599191051 0.8933333333333309 131
1733599250350 0.9666666666666686 132
1733599311525 0.9333333333333371 133
1733599371011 0.8955555555555605 134
1733599430591 0.917777777777772 135
1733599488873 0.87777777777778 136
1733599548040 0.8666666666666742 137
1733599608438 0.8711111111111052 138
1733599669964 0.9155555555555566 139
1733599728687 0.8533333333333246 140
1733599789209 0.8533333333333246 141
1733599847334 0.8444444444444485 142
1733599907351 0.928888888888892 143
1733599968144 0.8199999999999932 144
1733600028212 0.8866666666666703 145
1733600087902 0.8400000000000034 146
1733600148277 0.7999999999999972 147
1733600207759 0.8177777777777777 148
1733600267050 0.8333333333333286 149
1733600326598 0.9022222222222211 150
1733600385024 0.8555555555555543 151
1733600443861 0.7377777777777794 152
1733600502807 0.7888888888888772 153
1733600563812 0.8555555555555543 154
1733600625120 0.8599999999999994 155
1733600686054 0.8333333333333286 156
1733600746947 0.7288888888888891 157
1733600808755 0.8311111111111131 158
1733600870053 0.7911111111111069 159
1733600927804 0.8155555555555623 160
1733600986955 0.8844444444444406 161
1733601046396 0.693333333333328 162
1733601108033 0.837777777777788 163
1733601166932 0.8333333333333286 164
1733601226647 0.8111111111111029 165
1733601286446 0.8311111111111131 166
1733601344361 0.8044444444444423 167
1733601402633 0.7999999999999972 168
1733601459544 0.75555555555556 169
1733601517238 0.7577777777777754 170
1733601575567 0.7844444444444463 171
1733601633052 0.7444444444444542 172
1733601690667 0.775555555555556 173
1733601748335 0.7577777777777754 174
1733601805741 0.7422222222222246 175
1733601862950 0.6888888888888971 176
1733601922249 0.8177777777777777 177
1733601981138 0.7866666666666617 178
1733602041139 0.7644444444444503 179
1733602099858 0.8444444444444485 180
1733602158151 0.7777777777777715 181
1733602211445 0.8311111111111131 182
