1733591393184 1.625997344970703 1
1733591452203 1.1010952248467338 2
1733591514893 0.8874355257140265 3
1733591574456 0.7739978491571214 4
1733591634039 0.6978455882602268 5
1733591693986 0.6447559957769182 6
1733591752208 0.5984511744075351 7
1733591814921 0.5751841411590576 8
1733591874830 0.5525757545895047 9
1733591934006 0.5329106888877021 10
1733591995703 0.5204054183853997 11
1733592055352 0.5107093096203275 12
1733592115407 0.49589290227360194 13
1733592174263 0.48663412121666805 14
1733592235439 0.4832039751052856 15
1733592295581 0.47057842126952276 16
1733592352387 0.4602340837955475 17
1733592410657 0.4536982097943624 18
1733592469058 0.44922847356266443 19
1733592527147 0.44351387780507406 20
1733592585745 0.4351595315668318 21
1733592643537 0.439093920050727 22
1733592702148 0.4279110430134667 23
1733592761343 0.42245566328896417 24
1733592819040 0.4194519133037991 25
1733592880248 0.42100692399342854 26
1733592940943 0.4112955216937595 27
1733593000305 0.4107835062874688 28
1733593058936 0.4113678224351671 29
1733593117938 0.4081794230355157 30
1733593176255 0.40510547624693977 31
1733593233173 0.39651606770091585 32
1733593293257 0.39713395507070753 33
1733593352503 0.3984911824968126 34
1733593414349 0.39648605376349555 35
1733593474103 0.390069857094023 36
1733593532634 0.39057011919551426 37
1733593592642 0.38905702606836956 38
1733593655549 0.389976070494122 39
1733593714800 0.38028388936254715 40
1733593772114 0.3873963559097714 41
1733593830401 0.37943659849696687 42
1733593887488 0.38290747844907974 43
1733593947581 0.377805603228675 44
1733594009557 0.38428766127692326 45
1733594069332 0.27804624954594503 46
1733594129053 0.23710579893853928 47
1733594188151 0.22255839121871523 48
1733594247542 0.2105586718029446 49
1733594306561 0.20357547140916188 50
1733594365243 0.18974867143101162 51
1733594425869 0.18705028684404162 52
1733594487540 0.1792226919492086 53
1733594549049 0.1740488787094752 54
1733594608563 0.17133793269263373 55
1733594668358 0.16641448441346487 56
1733594730127 0.16276091787550184 57
1733594790239 0.15647924818462797 58
1733594852183 0.15376116638713413 59
1733594911263 0.1504438015937805 60
1733594971482 0.14699406059053208 61
1733595030725 0.1423409626589881 62
1733595092679 0.1430144497844908 63
1733595153164 0.13671563914881812 64
1733595214191 0.13471107059054904 65
1733595274766 0.13393371529314252 66
1733595336702 0.1261511741479238 67
1733595397697 0.1294126803861724 68
1733595460641 0.12839541135364108 69
1733595521917 0.12263628029293484 70
1733595582744 0.12051914319992066 71
1733595642448 0.11731492010222541 72
1733595706505 0.1148293341451221 73
1733595766279 0.11401118764877319 74
1733595825750 0.10975373798211416 75
1733595885218 0.11146659458743201 76
1733595944714 0.10822993606991238 77
1733596006820 0.11132936268117692 78
1733596068090 0.10756596423784892 79
1733596128890 0.10423323929574754 80
1733596189439 0.09916250594589446 81
1733596249553 0.10135874002244738 82
1733596310375 0.10013738447957568 83
1733596369892 0.09711733688910802 84
1733596428313 0.10005738227102491 85
1733596489055 0.09826852183209525 86
1733596547904 0.09640018742746777 87
1733596607263 0.09052057682474454 88
1733596666753 0.09432395338879691 89
1733596727157 0.0917243585507075 90
1733596788050 0.093312455534935 91
1733596849064 0.07418171723683675 92
1733596909758 0.06946536002688938 93
1733596969034 0.06392757011519538 94
1733597027636 0.062205081623130376 95
1733597087165 0.0609453212234709 96
1733597147859 0.060381963788138496 97
1733597210444 0.058285059371259475 98
1733597271325 0.056770447244909074 99
1733597330381 0.058026679688692094 100
1733597389819 0.058506599202420975 101
1733597449047 0.056832084989547726 102
1733597510621 0.0534496017270618 103
1733597569973 0.053953058914343516 104
1733597630252 0.05241569820510016 105
1733597687525 0.053807875604761975 106
1733597747300 0.054833154469397336 107
1733597808910 0.051898938853873144 108
1733597868537 0.05147802834113439 109
1733597927538 0.05114706513086955 110
1733597987142 0.05157013734016153 111
1733598046756 0.049222813453939224 112
1733598106126 0.050179523611731 113
1733598165457 0.04639324237240686 114
1733598223845 0.04665205845899052 115
1733598285529 0.0473788980934355 116
1733598345141 0.04628017341693243 117
1733598405675 0.04640672628614637 118
1733598465257 0.046708037920130625 119
1733598525545 0.04577560161153475 120
1733598587554 0.04353304506275389 121
1733598647293 0.046459893471664855 122
1733598706943 0.045582152928908666 123
1733598768731 0.044057212584548526 124
1733598828747 0.04211176211569044 125
1733598890430 0.04213051312102212 126
1733598950379 0.042995512765480415 127
1733599011454 0.043320999655789796 128
1733599071915 0.04092430960800913 129
1733599131791 0.04006915279097027 130
1733599191043 0.041365338031450906 131
1733599250342 0.03879025876190927 132
1733599311517 0.039556484083334606 133
1733599371003 0.04053868130793174 134
1733599430583 0.0390156529267629 135
1733599488864 0.03841558612593346 136
1733599548032 0.03777954726285405 137
1733599608428 0.03890726941823959 138
1733599669956 0.03727488858302434 139
1733599728678 0.037958471342590124 140
1733599789201 0.03707762229823404 141
1733599847326 0.03621140501035584 142
1733599907344 0.03693236890070968 143
1733599968136 0.03597721041639646 144
1733600028204 0.0379738982975483 145
1733600087889 0.03665116250266631 146
1733600148269 0.03674540342208412 147
1733600207750 0.03749906950129403 148
1733600267033 0.03593292662302653 149
1733600326590 0.03698639598273569 150
1733600385016 0.03522136275503371 151
1733600443743 0.034739977300167084 152
1733600502798 0.03771189132730166 153
1733600563802 0.036885542785459094 154
1733600625111 0.03503810007638401 155
1733600685941 0.034582195146216285 156
1733600746757 0.03774569541621539 157
1733600808642 0.03456222908629311 158
1733600870043 0.033959376287460326 159
1733600927796 0.036175484272506504 160
1733600986947 0.03576671211322149 161
1733601046387 0.034273188654581704 162
1733601107941 0.03686848622891638 163
1733601166742 0.03654023740357823 164
1733601226555 0.03547878316375944 165
1733601286438 0.03638995667695999 166
1733601344337 0.03584897844394048 167
1733601402541 0.035611658262544206 168
1733601459439 0.034545354837841456 169
1733601517145 0.035410517688592276 170
1733601575545 0.03484907228019502 171
1733601632958 0.035622926275928814 172
1733601690636 0.036107569532593094 173
1733601748241 0.035703076253996956 174
1733601805653 0.03427602359586292 175
1733601862942 0.03639965281618966 176
1733601922230 0.036382872376177045 177
1733601980953 0.03499141859213511 178
1733602040957 0.0352094448124369 179
1733602099764 0.03667293479243914 180
1733602158049 0.03439754581650098 181
1733602211437 0.036037215587827895 182
