1732619468777 49.492706298828125 1
1732619519904 48.17897987365723 2
1732619570770 47.9550085067749 3
1732619621422 47.69995999336243 4
1732619672274 47.94875359535217 5
1732619723084 47.87416672706604 6
1732619773909 47.90788984298706 7
1732619824694 47.89193320274353 8
1732619875487 47.84773349761963 9
1732619926268 47.87555718421936 10
1732619977181 47.99039268493652 11
1732620028111 48.04237771034241 12
1732620080243 49.21139860153198 13
1732620132099 49.00850772857666 14
1732620183999 49.00398087501526 15
1732620235861 48.71498680114746 16
1732620288801 49.792649269104004 17
1732620340641 48.76658797264099 18
1732620392765 49.19385576248169 19
1732620444836 49.20447111129761 20
1732620496844 49.12421131134033 21
1732620548691 48.67343354225159 22
1732620600720 48.80621790885925 23
1732620652125 48.62171030044556 24
1732620704134 49.126084327697754 25
1732620756025 49.04894709587097 26
1732620807941 48.783146142959595 27
1732620860085 48.916598320007324 28
1732620911647 48.67686724662781 29
1732620963804 49.29368853569031 30
1732621015609 48.955915451049805 31
1732621067411 48.69597005844116 32
1732621119331 48.705084562301636 33
1732621170834 48.63793087005615 34
1732621222767 49.112504720687866 35
1732621275017 49.35694909095764 36
1732621326952 48.82337045669556 37
1732621379061 48.89348912239075 38
1732621430703 48.7059531211853 39
1732621482615 49.020901918411255 40
1732621534514 49.05201196670532 41
1732621586348 48.769956827163696 42
1732621638383 48.80894589424133 43
1732621690168 48.7596161365509 44
1732621742139 49.11825370788574 45
1732621794118 49.105130672454834 46
1732621845927 48.756025075912476 47
1732621897894 48.758185148239136 48
1732621949666 48.82274770736694 49
1732622001552 49.02860760688782 50
1732622053661 49.27545738220215 51
1732622105581 48.95683765411377 52
1732622157803 48.983508586883545 53
1732622209621 48.76893424987793 54
1732622261346 48.857889890670776 55
1732622313224 49.01217174530029 56
1732622365052 48.96733331680298 57
1732622417149 48.96663951873779 58
1732622469071 48.79375505447388 59
1732622520813 48.85308814048767 60
1732622573211 49.47792410850525 61
1732622625121 49.03259491920471 62
1732622677104 48.82776069641113 63
1732622729036 48.72455334663391 64
1732622780646 48.67285132408142 65
1732622832494 49.00354313850403 66
1732622884416 49.09620523452759 67
1732622936254 48.73382592201233 68
1732622988588 49.30560803413391 69
1732623039469 47.992079734802246 70
1732623090104 47.6027398109436 71
1732623140972 47.956554651260376 72
1732623191507 47.62697720527649 73
1732623242139 47.735687255859375 74
1732623292623 47.579747676849365 75
1732623343261 47.6986300945282 76
1732623393994 47.78463554382324 77
1732623444650 47.70085787773132 78
1732623497798 50.103055000305176 79
1732623548584 47.88618183135986 80
1732623599587 47.949403047561646 81
1732623651878 49.338611364364624 82
1732623703872 48.74765968322754 83
1732623755764 48.90029168128967 84
1732623807577 48.97477388381958 85
1732623859484 49.0304811000824 86
1732623911505 49.11107134819031 87
1732623963534 48.78077816963196 88
1732624015229 48.711111068725586 89
1732624067141 49.02607440948486 90
1732624119008 48.99389362335205 91
1732624170869 49.012362003326416 92
1732624222732 48.71445894241333 93
1732624274350 48.685075998306274 94
1732624326227 49.00560998916626 95
1732624378353 49.24038290977478 96
1732624428019 46.80785298347473 97
1732624477495 46.639399766922 98
1732624527104 46.745521783828735 99
1732624576841 46.8876690864563 100
1732624626425 46.73274850845337 101
1732624676036 46.7616651058197 102
1732624725543 46.68262600898743 103
1732624775132 46.70123505592346 104
1732624824868 46.81278967857361 105
1732624874367 46.645941972732544 106
1732624923933 46.69064450263977 107
1732624973597 46.80324983596802 108
1732625023242 46.7713418006897 109
1732625072811 46.74592304229736 110
1732625122353 46.69246196746826 111
1732625171950 46.74040412902832 112
1732625221410 46.63880968093872 113
1732625271106 46.86651420593262 114
1732625320681 46.7139253616333 115
1732625370231 46.663068532943726 116
1732625419761 46.614704847335815 117
1732625469233 46.57332921028137 118
1732625518997 46.924241065979004 119
1732625568676 46.79947376251221 120
1732625618291 46.78402233123779 121
1732625668046 46.93074131011963 122
1732625717695 46.75386714935303 123
1732625767326 46.78392195701599 124
1732625816934 46.7853102684021 125
1732625866468 46.706663846969604 126
1732625915935 46.611085414886475 127
1732625965669 46.851431369781494 128
1732626015322 46.73732542991638 129
1732626064954 46.80227732658386 130
1732626114428 46.62781357765198 131
1732626164019 46.726630210876465 132
1732626213556 46.72824501991272 133
1732626263211 46.7681245803833 134
1732626312622 46.598153829574585 135
1732626362268 46.69552659988403 136
1732626411697 46.59305167198181 137
1732626461452 46.9011127948761 138
1732626511088 46.75265955924988 139
1732626560652 46.680394649505615 140
1732626610247 46.73854613304138 141
1732626659883 46.79240107536316 142
1732626709732 46.905526638031006 143
1732626759501 46.891576290130615 144
1732626809060 46.66393423080444 145
1732626858603 46.67210793495178 146
1732626908202 46.70361661911011 147
1732626957830 46.762632846832275 148
1732627007496 46.76030111312866 149
1732627057008 46.65483546257019 150
1732627106653 46.78122067451477 151
1732627156234 46.65820550918579 152
1732627205849 46.760939836502075 153
1732627255600 46.88763642311096 154
1732627305236 46.763427734375 155
1732627354886 46.75797724723816 156
1732627404492 46.72672438621521 157
1732627454150 46.81715106964111 158
1732627503787 46.776708364486694 159
1732627553370 46.712515115737915 160
1732627602887 46.6813542842865 161
1732627652412 46.70204830169678 162
1732627702026 46.78195595741272 163
1732627751715 46.80190420150757 164
1732627801239 46.66528844833374 165
1732627850750 46.61830234527588 166
1732627900366 46.76928400993347 167
1732627950210 46.93897032737732 168
1732627999850 46.79898953437805 169
1732628049606 46.86741089820862 170
1732628099212 46.6907799243927 171
1732628148835 46.70599317550659 172
1732628198478 46.78618836402893 173
1732628248232 46.8828010559082 174
1732628297775 46.68075919151306 175
1732628347277 46.69021725654602 176
1732628396831 46.63773560523987 177
1732628446496 46.80387830734253 178
1732628497621 47.94606900215149 179
1732628549290 48.7169029712677 180
1732628601155 49.00622820854187 181
1732628651809 47.69580793380737 182
