1732619468778 1.747541053114997 1
1732619519905 1.2668502315945096 2
1732619570771 1.0100734620624119 3
1732619621422 0.8438101469781664 4
1732619672275 0.7426398404969109 5
1732619723085 0.6763512276967366 6
1732619773909 0.6266231953408983 7
1732619824695 0.5864624851650662 8
1732619875487 0.5540517587237888 9
1732619926268 0.5287769183158875 10
1732619977181 0.5038066697544522 11
1732620028112 0.483851088364919 12
1732620080243 0.4743223914623261 13
1732620132100 0.45755314557817245 14
1732620184000 0.43413430105845136 15
1732620235861 0.4273637651867337 16
1732620288801 0.4128990670575036 17
1732620340641 0.3987310269461738 18
1732620392766 0.3925856564309862 19
1732620444837 0.38297610175874497 20
1732620496845 0.3746249470233917 21
1732620548691 0.37154203289349874 22
1732620600720 0.3617400458759732 23
1732620652125 0.3538617840554979 24
1732620704134 0.3453512148539225 25
1732620756026 0.3455579893642002 26
1732620807941 0.3370750109328164 27
1732620860085 0.332636119556427 28
1732620911647 0.32524809619055856 29
1732620963804 0.31685767261717057 30
1732621015610 0.31468328608936735 31
1732621067412 0.3129398111290402 32
1732621119332 0.30733226402070785 33
1732621170834 0.303345194917255 34
1732621222768 0.3008175192674001 35
1732621275018 0.2978220721350776 36
1732621326952 0.29855429859161375 37
1732621379062 0.29026949450174966 38
1732621430703 0.2836156289100647 39
1732621482616 0.2845127032491896 40
1732621534515 0.2853695526652866 41
1732621586349 0.2827135604646471 42
1732621638384 0.2806290130456289 43
1732621690169 0.26868122165468006 44
1732621742140 0.2730580345895555 45
1732621794118 0.2707598030143314 46
1732621845928 0.26972081379360624 47
1732621897894 0.26961686975161236 48
1732621949667 0.26601446169747245 49
1732622001553 0.2616683995299869 50
1732622053662 0.259633769832717 51
1732622105582 0.25973042295244003 52
1732622157803 0.257123290681839 53
1732622209622 0.2575371878147125 54
1732622261347 0.25766428972880046 55
1732622313225 0.25335382760895625 56
1732622365053 0.2533069211324056 57
1732622417149 0.2478070145898395 58
1732622469072 0.2471888021601571 59
1732622520814 0.24596465961668226 60
1732622573211 0.25014438116550447 61
1732622625121 0.2461929067293803 62
1732622677105 0.24934298832681445 63
1732622729037 0.24259049172401428 64
1732622780646 0.24736306721634335 65
1732622832495 0.23810597029791938 66
1732622884417 0.23667994373639425 67
1732622936255 0.24019486297766368 68
1732622988588 0.24247923077477349 69
1732623039469 0.23308878388139936 70
1732623090105 0.23745912035836114 71
1732623140972 0.24362656977176667 72
1732623191508 0.23439630706575182 73
1732623242139 0.23409053836133745 74
1732623292623 0.22980843962563408 75
1732623343262 0.2368917650487688 76
1732623393995 0.22962055161794026 77
1732623444650 0.23519804599550034 78
1732623497799 0.23167553145090738 79
1732623548585 0.22954314652019076 80
1732623599588 0.23468434970643784 81
1732623651878 0.23149199097156525 82
1732623703872 0.22715720889833238 83
1732623755765 0.22813815343909793 84
1732623807578 0.22867310867839388 85
1732623859484 0.22022282656563652 86
1732623911506 0.2237529761976666 87
1732623963534 0.22330264156129626 88
1732624015230 0.2192161645465427 89
1732624067142 0.21733961873584323 90
1732624119009 0.22744284023178948 91
1732624170870 0.13993326607280307 92
1732624222732 0.10920170987182193 93
1732624274351 0.09828391687605116 94
1732624326228 0.0928240347776148 95
1732624378354 0.08794864019685321 96
1732624428020 0.08619938477807575 97
1732624477496 0.0769022938059436 98
1732624527105 0.07467735787232717 99
1732624576841 0.0735508531384998 100
1732624626425 0.06833363223738141 101
1732624676037 0.06648894355164633 102
1732624725543 0.06365321504937278 103
1732624775132 0.06206189278562864 104
1732624824868 0.06054935102197859 105
1732624874368 0.05870836244225502 106
1732624923934 0.054547593434651695 107
1732624973597 0.05487712245782216 108
1732625023242 0.05395617110464308 109
1732625072811 0.05537115100754632 110
1732625122353 0.05203234662678507 111
1732625171951 0.05172489354345534 112
1732625221411 0.05054042659170098 113
1732625271106 0.047442791557312014 114
1732625320681 0.045981765595409604 115
1732625370231 0.04721885369287597 116
1732625419762 0.046189554880725014 117
1732625469234 0.04440680997371674 118
1732625518997 0.04235303559038374 119
1732625568676 0.041734830246369044 120
1732625618291 0.04229907654391395 121
1732625668047 0.04202856498757998 122
1732625717696 0.03764411974483066 123
1732625767326 0.038827308681938386 124
1732625816935 0.0380103211455875 125
1732625866468 0.038048088802231685 126
1732625915936 0.03890486637486352 127
1732625965670 0.036787012710836196 128
1732626015322 0.03730514419741101 129
1732626064954 0.03625221507151922 130
1732626114428 0.03470778371691704 131
1732626164020 0.03519624095757802 132
1732626213556 0.03679838341540761 133
1732626263212 0.034097241719563805 134
1732626312622 0.03375358892944124 135
1732626362268 0.03278623728884591 136
1732626411698 0.029305308444632423 137
1732626461453 0.026207814073231486 138
1732626511088 0.027272271694077387 139
1732626560652 0.025598974866337245 140
1732626610247 0.02632838355604973 141
1732626659884 0.023533222678469287 142
1732626709732 0.02533652585455113 143
1732626759502 0.0240381199962563 144
1732626809061 0.02465087062286006 145
1732626858603 0.02361746052801609 146
1732626908202 0.022217333371771706 147
1732626957831 0.022492836999893188 148
1732627007496 0.024194169190857144 149
1732627057009 0.023000406685802673 150
1732627106654 0.02145926538358132 151
1732627156235 0.023594983522428406 152
1732627205850 0.023444612791140875 153
1732627255601 0.023577046129438613 154
1732627305237 0.021967865518397755 155
1732627354886 0.02247406352394157 156
1732627404492 0.02223453267183569 157
1732627454151 0.02346333589106798 158
1732627503787 0.022207117341624366 159
1732627553370 0.021946638036105366 160
1732627602888 0.02261500049630801 161
1732627652412 0.02228157895828287 162
1732627702027 0.020956912033425437 163
1732627751715 0.02130142517586549 164
1732627801240 0.021470568437874316 165
1732627850750 0.021118939187460474 166
1732627900367 0.02033461003485653 167
1732627950211 0.02116997518075837 168
1732627999850 0.02187803915176127 169
1732628049606 0.02130589468744066 170
1732628099213 0.020997325186762544 171
1732628148835 0.021525299454397625 172
1732628198479 0.02107381570869022 173
1732628248232 0.020347135301265452 174
1732628297775 0.02066565168268151 175
1732628347277 0.020324630577903655 176
1732628396831 0.02096471987962723 177
1732628446496 0.019493951817353566 178
1732628497622 0.019958138340711595 179
1732628549291 0.020299903986851376 180
1732628601156 0.02079103081557486 181
1732628651810 0.020410806838836934 182
