1732995689798 52.76726222038269 1
1732995741638 51.834555864334106 2
1732995793491 51.84772777557373 3
1732995845341 51.84600806236267 4
1732995897070 51.72466588020325 5
1732995949022 51.94581127166748 6
1732996000771 51.74345088005066 7
1732996052599 51.82319498062134 8
1732996104512 51.90903043746948 9
1732996156482 51.96546745300293 10
1732996208180 51.69276165962219 11
1732996260106 51.92160701751709 12
1732996311877 51.76521587371826 13
1732996363763 51.881961822509766 14
1732996415636 51.867735385894775 15
1732996467422 51.781405210494995 16
1732996518966 51.539610385894775 17
1732996570777 51.80688786506653 18
1732996622483 51.701205253601074 19
1732996674423 51.935617446899414 20
1732996726329 51.90132808685303 21
1732996778337 52.00198698043823 22
1732996830340 51.996851444244385 23
1732996882140 51.79544544219971 24
1732996933914 51.76969051361084 25
1732996985672 51.75276708602905 26
1732997037434 51.75482988357544 27
1732997089179 51.738561153411865 28
1732997142562 53.3773250579834 29
1732997194331 51.76263952255249 30
1732997246089 51.75415396690369 31
1732997297709 51.614511251449585 32
1732997349351 51.637924671173096 33
1732997401098 51.74281287193298 34
1732997452940 51.83701276779175 35
1732997504613 51.666420459747314 36
1732997556325 51.70760369300842 37
1732997608140 51.81070518493652 38
1732997660017 51.871042013168335 39
1732997711825 51.80316233634949 40
1732997763675 51.84490966796875 41
1732997815432 51.75127172470093 42
1732997868575 53.13882780075073 43
1732997921757 53.17718863487244 44
1732997974800 53.03683876991272 45
1732998027759 52.95270490646362 46
1732998080840 53.0751748085022 47
1732998133862 53.018261671066284 48
1732998186997 53.13083219528198 49
1732998240218 53.21686792373657 50
1732998294152 53.930012226104736 51
1732998347344 53.187352657318115 52
1732998400128 52.779932498931885 53
1732998453205 53.07291102409363 54
1732998506317 53.10570979118347 55
1732998559459 53.1349241733551 56
1732998612438 52.97476077079773 57
1732998665492 53.04975724220276 58
1732998718605 53.10688853263855 59
1732998771696 53.084912061691284 60
1732998825027 53.325575828552246 61
1732998878295 53.262855052948 62
1732998931518 53.218433141708374 63
1732998984815 53.29236912727356 64
1732999037995 53.173250913619995 65
1732999091156 53.15541887283325 66
1732999144279 53.11793923377991 67
1732999197123 52.83847498893738 68
1732999250101 52.97442007064819 69
1732999302994 52.88834095001221 70
1732999356028 53.02946090698242 71
1732999409157 53.12389397621155 72
1732999462005 52.841453075408936 73
1732999514961 52.94856405258179 74
1732999567790 52.823068141937256 75
1732999620559 52.76237607002258 76
1732999673697 53.13219141960144 77
1732999726479 52.778321504592896 78
1732999779469 52.9840726852417 79
1732999832586 53.108978509902954 80
1732999885579 52.987513303756714 81
1732999939852 54.26803421974182 82
1732999993073 53.21628451347351 83
1733000046212 53.1342658996582 84
1733000099485 53.26638984680176 85
1733000152943 53.45098114013672 86
1733000206219 53.270034313201904 87
1733000259733 53.50994300842285 88
1733000313082 53.343634843826294 89
1733000366347 53.258105754852295 90
1733000419320 52.9690899848938 91
1733000472560 53.23586106300354 92
1733000525527 52.961966037750244 93
1733000578399 52.8681206703186 94
1733000631600 53.194395303726196 95
1733000684794 53.18855404853821 96
1733000738124 53.32500767707825 97
1733000791056 52.92755079269409 98
1733000844173 53.11011815071106 99
1733000897392 53.21284461021423 100
1733000950238 52.8397536277771 101
1733001003366 53.12138605117798 102
1733001056449 53.078646421432495 103
1733001109505 53.05157709121704 104
1733001162519 53.00969314575195 105
1733001215584 53.060444593429565 106
1733001268802 53.213802099227905 107
1733001321841 53.03532004356384 108
1733001375160 53.313239097595215 109
1733001428310 53.145630836486816 110
1733001481520 53.20485281944275 111
1733001534688 53.16193127632141 112
1733001588037 53.34239602088928 113
1733001641363 53.32085824012756 114
1733001694707 53.33968472480774 115
1733001747949 53.23699116706848 116
1733001801296 53.342987060546875 117
1733001854362 53.06116509437561 118
1733001907542 53.174068450927734 119
1733001960781 53.2330596446991 120
1733002014041 53.254547119140625 121
1733002067215 53.169426679611206 122
1733002120554 53.334052085876465 123
1733002173665 53.10426306724548 124
1733002227059 53.388222217559814 125
1733002280427 53.36311459541321 126
1733002333616 53.18540716171265 127
1733002386819 53.197027921676636 128
1733002440040 53.21510148048401 129
1733002493207 53.16266489028931 130
1733002546360 53.14821243286133 131
1733002599494 53.12924790382385 132
1733002652788 53.29006218910217 133
1733002705958 53.16590642929077 134
1733002759034 53.07134747505188 135
1733002812280 53.240089654922485 136
1733002865359 53.07353401184082 137
1733002918574 53.20973587036133 138
1733002971774 53.195395946502686 139
1733003024967 53.18779540061951 140
1733003077973 53.001418352127075 141
1733003130945 52.967883825302124 142
1733003183883 52.932942152023315 143
1733003237014 53.126116037368774 144
1733003290372 53.35363483428955 145
1733003343579 53.20215606689453 146
1733003396942 53.3589301109314 147
1733003450481 53.534568548202515 148
1733003504025 53.53978490829468 149
1733003557486 53.45485067367554 150
1733003610684 53.192604303359985 151
1733003663913 53.223532915115356 152
1733003717228 53.309348821640015 153
1733003770497 53.265515089035034 154
1733003823401 52.89641284942627 155
1733003876453 53.044241189956665 156
1733003929716 53.254855155944824 157
1733003982805 53.08412265777588 158
1733004035964 53.15428423881531 159
1733004089034 53.06650948524475 160
1733004142212 53.17282485961914 161
1733004195454 53.236960887908936 162
1733004248638 53.179309368133545 163
1733004301546 52.90440535545349 164
1733004354880 53.32836604118347 165
1733004408205 53.318217754364014 166
1733004461655 53.445637702941895 167
1733004514958 53.298224687576294 168
1733004567969 53.00641894340515 169
1733004621287 53.31340765953064 170
1733004674452 53.1591112613678 171
1733004727764 53.30619788169861 172
1733004781025 53.2567298412323 173
1733004834277 53.24767827987671 174
1733004887272 52.990309953689575 175
1733004940569 53.29216194152832 176
1733004993718 53.144139766693115 177
1733005047071 53.34922480583191 178
1733005100178 53.10246157646179 179
1733005153385 53.20156645774841 180
1733005206608 53.21688175201416 181
1733005259716 53.10301399230957 182
