1732995689798 2.163676738230387 1
1732995741639 1.6344984689288669 2
1732995793491 1.4044953937742446 3
1732995845341 1.2032168338987563 4
1732995897070 1.024193038113912 5
1732995949022 0.8900082606633504 6
1732996000771 0.7987324030558268 7
1732996052599 0.7217617730988396 8
1732996104513 0.6745825754377577 9
1732996156483 0.6240505166159735 10
1732996208180 0.5901789653672113 11
1732996260107 0.5667637646039327 12
1732996311877 0.5424444237762027 13
1732996363764 0.5174135682953729 14
1732996415637 0.49376870846218535 15
1732996467422 0.48239024931589763 16
1732996518966 0.47049633206791347 17
1732996570778 0.45330271694925095 18
1732996622484 0.44494297266536287 19
1732996674423 0.43246267886956535 20
1732996726330 0.42125393137402006 21
1732996778338 0.4137376836988661 22
1732996830340 0.391456592686971 23
1732996882140 0.39694370514551797 24
1732996933915 0.3819693139182197 25
1732996985673 0.3790132873111301 26
1732997037435 0.36494437168969046 27
1732997089179 0.3626967632929484 28
1732997142563 0.3606463207244873 29
1732997194331 0.35169783967865836 30
1732997246090 0.3443263748804728 31
1732997297709 0.3441419737921821 32
1732997349352 0.3333549358685811 33
1732997401099 0.3260691257635752 34
1732997452940 0.3244674567222595 35
1732997504614 0.32609307503170437 36
1732997556326 0.3150409088770548 37
1732997608141 0.3174630204677582 38
1732997660018 0.31011472980181376 39
1732997711825 0.3122698782549964 40
1732997763675 0.31443997337553237 41
1732997815432 0.3052803843392266 42
1732997868575 0.30354708156320787 43
1732997921758 0.29774854604933 44
1732997974801 0.2995182688977983 45
1732998027760 0.29006329856978524 46
1732998080840 0.28836415537198384 47
1732998133862 0.2879116994380951 48
1732998186997 0.2886401072714064 49
1732998240219 0.28512432351112366 50
1732998294153 0.2839184713416629 51
1732998347344 0.2875598065694173 52
1732998400128 0.2725946171813541 53
1732998453205 0.27549213417371116 54
1732998506317 0.2737151480515798 55
1732998559459 0.27156566993130576 56
1732998612438 0.2681432079686059 57
1732998665492 0.2745692658000522 58
1732998718605 0.2690229530228509 59
1732998771697 0.26785074034267004 60
1732998825028 0.26372845232221814 61
1732998878295 0.269860556046168 62
1732998931518 0.2605971803029378 63
1732998984816 0.2613218561755286 64
1732999037996 0.261556255086263 65
1732999091157 0.25790823788113065 66
1732999144280 0.2557454748471578 67
1732999197123 0.25779415487713286 68
1732999250102 0.25117155422634546 69
1732999302994 0.2538567613919576 70
1732999356028 0.2598606602138943 71
1732999409158 0.24760864994261 72
1732999462006 0.2451843898455302 73
1732999514962 0.24983046417766147 74
1732999567791 0.2445112521568934 75
1732999620559 0.24877101276715596 76
1732999673697 0.24350269627041288 77
1732999726480 0.24384545703993904 78
1732999779470 0.24548356458875867 79
1732999832586 0.24257040126588608 80
1732999885579 0.2448322686009937 81
1732999939852 0.23885704933537377 82
1732999993074 0.2407002517329322 83
1733000046213 0.23559534526401096 84
1733000099485 0.23778030314975315 85
1733000152944 0.23201045071813794 86
1733000206220 0.23865255652003817 87
1733000259734 0.23628308860460917 88
1733000313083 0.2311527863820394 89
1733000366347 0.23484462149937949 90
1733000419321 0.2315963188462787 91
1733000472561 0.1526645610160298 92
1733000525527 0.11879788954522874 93
1733000578400 0.10833161274327172 94
1733000631601 0.09975367471377054 95
1733000684795 0.0964709187189738 96
1733000738125 0.08983462733427683 97
1733000791056 0.08736230023172166 98
1733000844174 0.08150997753871812 99
1733000897392 0.08137533484299977 100
1733000950239 0.07596878288322025 101
1733001003366 0.07131011004447937 102
1733001056449 0.07007949400742848 103
1733001109506 0.06795267507765028 104
1733001162520 0.06882792299588521 105
1733001215584 0.0621585880988174 106
1733001268802 0.06335404343075222 107
1733001321842 0.06223103526698218 108
1733001375161 0.0590606349269549 109
1733001428311 0.05804309166504277 110
1733001481520 0.057572160552607644 111
1733001534689 0.05559514266914792 112
1733001588037 0.052583212804132036 113
1733001641364 0.05297973166786962 114
1733001694708 0.052040384545591144 115
1733001747950 0.050172085196442076 116
1733001801297 0.048137784388330246 117
1733001854362 0.050842495142088995 118
1733001907543 0.04727630480296082 119
1733001960782 0.04850082869927089 120
1733002014042 0.0473109382794963 121
1733002067216 0.04373777429262797 122
1733002120554 0.046240111914608216 123
1733002173666 0.04312041235168775 124
1733002227059 0.04501177486843533 125
1733002280427 0.04247345311906603 126
1733002333617 0.0426578624619378 127
1733002386820 0.04037637189957831 128
1733002440040 0.039808894913726384 129
1733002493208 0.03915573833187421 130
1733002546361 0.039935845369100574 131
1733002599494 0.03903162165813976 132
1733002652788 0.038451043070024914 133
1733002705959 0.03812181613842646 134
1733002759034 0.03849966111381849 135
1733002812281 0.037431156848536595 136
1733002865360 0.03201226547757784 137
1733002918574 0.031661804607179427 138
1733002971775 0.03038361703819699 139
1733003024968 0.028410226305325827 140
1733003077973 0.028307850780089697 141
1733003130946 0.02719697266287274 142
1733003183884 0.02760589097208447 143
1733003237014 0.02664543602698379 144
1733003290372 0.02737552402946684 145
1733003343579 0.027686141894923317 146
1733003396943 0.02677055611775981 147
1733003450482 0.025926673348082435 148
1733003504026 0.025780506052573524 149
1733003557486 0.025168407193819683 150
1733003610685 0.02454722351166937 151
1733003663914 0.025130086802939575 152
1733003717228 0.02500170635978381 153
1733003770498 0.023062015605303975 154
1733003823402 0.025492302090591855 155
1733003876453 0.02375400375061565 156
1733003929716 0.024715573936038546 157
1733003982806 0.024351907955275642 158
1733004035964 0.024312789567973878 159
1733004089035 0.023819571356475354 160
1733004142212 0.02477162188688914 161
1733004195454 0.024376204650104046 162
1733004248638 0.024255693263808886 163
1733004301547 0.02385003160768085 164
1733004354881 0.023617345623175304 165
1733004408206 0.023513859677977034 166
1733004461656 0.023642223391433556 167
1733004514959 0.02345678579674827 168
1733004567969 0.023793902271158164 169
1733004621287 0.023422879696306256 170
1733004674453 0.02304498922361268 171
1733004727764 0.023917075795100794 172
1733004781026 0.024025948917534616 173
1733004834277 0.02307817660073439 174
1733004887273 0.022906099283032947 175
1733004940569 0.024536554068989223 176
1733004993718 0.0235239821003543 177
1733005047071 0.023150182840559218 178
1733005100178 0.022925409629278713 179
1733005153385 0.021880499673220845 180
1733005206608 0.023072381317946648 181
1733005259716 0.02280785821941164 182
