1733691868719 1.6133780599594116 1
1733691905120 1.125369620429145 2
1733691941767 0.9123983772701687 3
1733691978648 0.7872889875729878 4
1733692015189 0.7059678984218174 5
1733692051560 0.6457811550988092 6
1733692088426 0.6086214986271329 7
1733692125196 0.5860712856610616 8
1733692161616 0.5558077942636278 9
1733692198068 0.5416756281216939 10
1733692234568 0.5202176834954155 11
1733692270858 0.5070702763557434 12
1733692307131 0.4907304051293267 13
1733692343699 0.4854042278819614 14
1733692380080 0.4848512596766154 15
1733692416841 0.4665709814071655 16
1733692453535 0.4648625253041585 17
1733692490033 0.4552727792845832 18
1733692526512 0.44813357860247294 19
1733692563179 0.4494726019859314 20
1733692599842 0.43554787668652006 21
1733692636874 0.4373133787896898 22
1733692673597 0.4320010537836287 23
1733692710325 0.42707596213552684 24
1733692747241 0.4219841851764255 25
1733692784289 0.4173747725115882 26
1733692821352 0.41963288729455733 27
1733692857586 0.4143244401666853 28
1733692894005 0.4129206652270423 29
1733692930422 0.4054563372294108 30
1733692967210 0.4008070988602108 31
1733693003556 0.40208487153053285 32
1733693040502 0.39773986184861926 33
1733693077211 0.39871744593514336 34
1733693113932 0.39607966896692914 35
1733693150619 0.39368751650916206 36
1733693187503 0.3919396251042684 37
1733693223800 0.38893918996916876 38
1733693260716 0.391933932601081 39
1733693297110 0.38543939538002014 40
1733693333833 0.38405567824045816 41
1733693370466 0.3829023080825806 42
1733693406981 0.381240137608846 43
1733693443450 0.3764042578962114 44
1733693479964 0.38201673766242134 45
1733693516497 0.2721383605586158 46
1733693552870 0.23759957734213935 47
1733693589276 0.2222765546321869 48
1733693625549 0.20985601091914707 49
1733693661688 0.20112710904015435 50
1733693697705 0.19206647047466702 51
1733693734059 0.18700612315336862 52
1733693770620 0.1794144676817788 53
1733693807230 0.1735366991413964 54
1733693843654 0.16838096832301883 55
1733693880010 0.16467742958863577 56
1733693916507 0.16183122081226772 57
1733693952594 0.15826493889490764 58
1733693988766 0.15001719607247246 59
1733694025293 0.14512458414236704 60
1733694061603 0.14238489161199994 61
1733694098106 0.13943894126150344 62
1733694135014 0.1381609092977312 63
1733694171730 0.1368323850578732 64
1733694208243 0.1306418909629186 65
1733694245168 0.12754458383454217 66
1733694281531 0.1280590909772449 67
1733694318194 0.12607620443238152 68
1733694354554 0.12434842948383755 69
1733694391276 0.1154007792101966 70
1733694428286 0.11876216833459007 71
1733694464953 0.11716285860406028 72
1733694501772 0.11134328534470664 73
1733694538511 0.11439006827407414 74
1733694574947 0.10818113515906863 75
1733694611203 0.1048125375840399 76
1733694647840 0.10620836324161953 77
1733694684281 0.10281607088512844 78
1733694720543 0.10466957246462504 79
1733694756638 0.10105077448156145 80
1733694793196 0.09962268300851186 81
1733694829590 0.09660122357739342 82
1733694865853 0.10166858019166522 83
1733694902271 0.0976184305244022 84
1733694938862 0.09654111859533522 85
1733694975341 0.09356783203217718 86
1733695011858 0.09479485252830717 87
1733695048207 0.09565023843182457 88
1733695084805 0.09276283216211531 89
1733695121155 0.08897379659281837 90
1733695157528 0.08977136724525028 91
1733695194071 0.07543992725875642 92
1733695230577 0.06629854868650437 93
1733695267081 0.06223043324285083 94
1733695303585 0.05897201246354315 95
1733695340223 0.06066256552404828 96
1733695377123 0.05819658735460705 97
1733695413803 0.05971125207212236 98
1733695450828 0.05804802850849099 99
1733695487462 0.05398033605946435 100
1733695524052 0.0546789579656389 101
1733695560613 0.05519276313847966 102
1733695597173 0.05363510778612561 103
1733695633606 0.05422045844131046 104
1733695670049 0.05368226423329777 105
1733695706575 0.0520734592239062 106
1733695743104 0.05162194686068429 107
1733695779653 0.05028725758128696 108
1733695816012 0.049390455639362334 109
1733695852587 0.0493962101565467 110
1733695889179 0.048977797347969476 111
1733695925734 0.04749762117597792 112
1733695962153 0.04798824827339914 113
1733695998661 0.046282585003640915 114
1733696035103 0.04891221759319305 115
1733696071624 0.04914078091714117 116
1733696108120 0.04732398858865102 117
1733696144801 0.04680721034755309 118
1733696181294 0.046575152345001695 119
1733696217775 0.04602358167039024 120
1733696254011 0.045910895814829406 121
1733696290514 0.0446154661529594 122
1733696326972 0.04476814301080174 123
1733696363603 0.04421872727208667 124
1733696400106 0.04532031978236305 125
1733696436693 0.04330362962020768 126
1733696473287 0.04357652722729577 127
1733696509665 0.0441529036866294 128
1733696546510 0.04281829047203064 129
1733696583095 0.04244742995897929 130
1733696619826 0.04080871193740103 131
1733696656586 0.04054153281350931 132
1733696693044 0.041438832574420506 133
1733696729904 0.04053608414199617 134
1733696766406 0.040873641296227774 135
1733696802928 0.039734749762217206 136
1733696839384 0.040006338032748966 137
1733696875914 0.039700079326166045 138
1733696912363 0.03859678469432725 139
1733696948973 0.03862695433100065 140
1733696985629 0.0378933916406499 141
1733697022366 0.03683216554986106 142
1733697058878 0.03756975041760339 143
1733697095623 0.03775307763748699 144
1733697132158 0.038547653256522284 145
1733697168309 0.03782880735264884 146
1733697204800 0.03731987179219723 147
1733697241362 0.03724578963783052 148
1733697278005 0.03757764075464672 149
1733697314310 0.03544454420010249 150
1733697350942 0.036616537774602574 151
1733697387481 0.036278448012140065 152
1733697424078 0.03626743118564288 153
1733697460801 0.03659334469570054 154
1733697497315 0.03547148346569803 155
1733697533862 0.035778188040852546 156
1733697570584 0.03466548690829012 157
1733697607073 0.03685943737692303 158
1733697643779 0.03681518989801407 159
1733697680458 0.03685624268915918 160
1733697716935 0.03669281974434853 161
1733697753513 0.036076658064126965 162
1733697789933 0.03602860617902544 163
1733697826522 0.03688074527581533 164
1733697863393 0.03728610847989718 165
1733697900181 0.03644761790831884 166
1733697936937 0.03728262807114257 167
1733697973438 0.036556037049161064 168
1733698010628 0.03610688033203284 169
1733698047329 0.03524414114422268 170
1733698083987 0.03771723627315627 171
1733698120574 0.03601196770999167 172
1733698156915 0.035910588891307514 173
1733698193701 0.03703024007611805 174
1733698230511 0.03572988725437058 175
1733698266814 0.036272453787591724 176
1733698303375 0.03538603107134501 177
1733698340046 0.03516378720468945 178
1733698376849 0.03606797671450509 179
1733698413869 0.03387877489063475 180
1733698450486 0.035244454071919125 181
1733698487049 0.03603396092752616 182
