1733056732328 33.27811861038208 1
1733056791880 32.22923946380615 2
1733056852041 32.99405908584595 3
1733056911444 32.32093262672424 4
1733056970101 31.858200311660767 5
1733057029633 32.5867965221405 6
1733057088147 31.61394691467285 7
1733057146522 31.439262866973877 8
1733057205786 32.506680965423584 9
1733057263930 31.50499153137207 10
1733057322444 31.609845876693726 11
1733057381299 32.27464532852173 12
1733057440735 32.588473320007324 13
1733057499319 31.713090419769287 14
1733057558342 32.39329648017883 15
1733057618744 32.88024163246155 16
1733057677895 32.14890003204346 17
1733057737665 32.63674759864807 18
1733057797754 32.6956901550293 19
1733057857062 32.04564595222473 20
1733057917953 33.248610496520996 21
1733057977611 32.20436763763428 22
1733058037350 32.33854293823242 23
1733058097985 33.385278940200806 24
1733058157606 32.1285982131958 25
1733058217044 32.30281066894531 26
1733058277283 32.945483446121216 27
1733058336294 32.053420543670654 28
1733058395492 32.101378202438354 29
1733058455108 32.61681079864502 30
1733058514035 31.942762851715088 31
1733058572809 31.84730339050293 32
1733058632744 33.11983919143677 33
1733058691417 31.512341737747192 34
1733058749692 31.583959579467773 35
1733058808871 32.565821409225464 36
1733058867233 31.573439836502075 37
1733058925560 31.49716567993164 38
1733058984344 32.06505250930786 39
1733059043475 32.21370005607605 40
1733059101474 31.43596577644348 41
1733059159422 31.380895137786865 42
1733059218443 32.5090172290802 43
1733059276252 31.220659971237183 44
1733059334487 31.221006155014038 45
1733059396892 31.674965381622314 46
1733059455169 31.767055988311768 47
1733059513410 31.485727787017822 48
1733059572098 32.32992768287659 49
1733059631774 32.51740479469299 50
1733059690766 31.89161992073059 51
1733059750551 32.66283130645752 52
1733059810090 32.5244779586792 53
1733059868304 31.302057027816772 54
1733059927200 31.84257435798645 55
1733059986361 32.56577205657959 56
1733060044471 31.417921543121338 57
1733060102490 31.443365335464478 58
1733060160968 31.86534547805786 59
1733060219564 31.927207469940186 60
1733060277456 31.256927013397217 61
1733060335589 31.169002056121826 62
1733060394467 32.00490355491638 63
1733060453342 31.617045402526855 64
1733060511525 31.47425150871277 65
1733060569322 31.11268186569214 66
1733060628095 32.374778032302856 67
1733060695957 34.06676435470581 68
1733060768936 42.100624561309814 69
1733060826960 31.2794349193573 70
1733060884899 31.298079013824463 71
1733060943706 32.23094177246094 72
1733061001532 31.177587509155273 73
1733061059443 31.04158306121826 74
1733061117497 31.455968379974365 75
1733061176562 32.33672738075256 76
1733061234239 31.096287965774536 77
1733061292118 31.15362024307251 78
1733061349966 31.29563808441162 79
1733061409487 32.554542541503906 80
1733061467871 31.55075454711914 81
1733061526573 31.86971092224121 82
1733061585230 32.229650020599365 83
1733061643139 31.41687560081482 84
1733061701111 31.22401261329651 85
1733061759422 31.55528211593628 86
1733061819080 32.64356303215027 87
1733061877603 31.800044059753418 88
1733061935989 31.47961187362671 89
1733061994212 31.692378759384155 90
1733062053379 32.28776717185974 91
1733062111167 31.11609935760498 92
1733062169455 31.542715549468994 93
1733062228641 32.68144750595093 94
1733062286868 31.46380591392517 95
1733062344883 31.23528242111206 96
1733062403116 31.585179090499878 97
1733062462943 33.00612759590149 98
1733062521480 31.350725650787354 99
1733062581331 32.63308620452881 100
1733062640874 32.701186180114746 101
1733062699291 31.27445936203003 102
1733062758869 32.2772433757782 103
1733062818754 32.811699867248535 104
1733062877505 31.64874291419983 105
1733062936192 31.529746294021606 106
1733062996436 33.17325139045715 107
1733063054995 31.71287775039673 108
1733063113401 31.52923893928528 109
1733063173073 32.853275537490845 110
1733063231272 31.41946840286255 111
1733063289379 31.5668728351593 112
1733063348006 31.899633407592773 113
1733063407098 32.25755786895752 114
1733063465192 31.419886112213135 115
1733063524281 32.03585457801819 116
1733063583906 32.895265340805054 117
1733063642480 31.607789039611816 118
1733063701136 31.89627742767334 119
1733063761053 32.5243239402771 120
1733063819409 31.70069193840027 121
1733063877341 31.15765905380249 122
1733063935958 32.08483362197876 123
1733063994245 31.370011806488037 124
1733064052490 31.681221961975098 125
1733064110601 31.538639783859253 126
1733064169607 32.260597944259644 127
1733064228085 31.17354655265808 128
1733064287295 31.970108032226562 129
1733064346303 32.36615610122681 130
1733064404768 31.518030166625977 131
1733064462642 31.18593716621399 132
1733064521134 32.14229941368103 133
1733064578797 31.29613709449768 134
1733064637078 31.802621603012085 135
1733064695108 31.456292152404785 136
1733064754427 32.50556921958923 137
1733064812262 31.12424397468567 138
1733064870130 31.222020864486694 139
1733064928887 31.8672776222229 140
1733064987594 31.874855518341064 141
1733065046194 31.603154182434082 142
1733065105565 32.16299605369568 143
1733065165167 32.61086893081665 144
1733065224307 31.798295259475708 145
1733065283782 32.41028380393982 146
1733065343824 32.773866176605225 147
1733065402821 31.88568377494812 148
1733065461568 31.90787410736084 149
1733065521559 32.99029755592346 150
1733065580156 31.61704397201538 151
1733065638936 31.614960432052612 152
1733065698250 32.58684992790222 153
1733065756879 31.744118213653564 154
1733065815378 31.490729808807373 155
1733065874325 32.594610929489136 156
1733065931740 31.108805179595947 157
1733065989047 30.867339372634888 158
1733066046716 31.17987322807312 159
1733066105030 32.00913977622986 160
1733066163047 31.30437994003296 161
1733066220423 30.88003897666931 162
1733066277712 30.913864850997925 163
1733066335948 32.11957859992981 164
1733066393457 31.003349781036377 165
1733066450854 31.050347328186035 166
1733066508213 30.995647192001343 167
1733066565935 31.528273820877075 168
1733066623892 31.50376868247986 169
1733066680644 30.700923919677734 170
1733066738003 30.971062421798706 171
1733066796793 31.843247175216675 172
1733066855839 32.585198640823364 173
1733066913416 31.045142889022827 174
1733066970928 31.148133277893066 175
1733067029090 31.68603777885437 176
1733067087570 31.855438232421875 177
1733067145466 31.299211502075195 178
1733067203015 31.090805053710938 179
1733067261233 31.47507667541504 180
1733067321586 33.23281121253967 181
1733067379899 31.666502714157104 182
