1733056732364 48.502 1
1733056791902 34.65599999999999 2
1733056852063 30.257999999999996 3
1733056911470 27.622 4
1733056970124 25.189999999999998 5
1733057029654 22.756 6
1733057088168 22.88799999999999 7
1733057146543 25.861999999999995 8
1733057205807 20.947999999999993 9
1733057263953 22.238 10
1733057322465 20.049999999999997 11
1733057381321 16.60000000000001 12
1733057440757 22.244 13
1733057499341 19.482 14
1733057558363 16.923999999999992 15
1733057618770 16.605999999999995 16
1733057677918 17.552000000000007 17
1733057737687 16.706000000000003 18
1733057797776 18.60199999999999 19
1733057857083 16.906000000000006 20
1733057917983 20.447999999999993 21
1733057977632 15.617999999999995 22
1733058037372 17.878 23
1733058098007 15.513999999999996 24
1733058157626 17.227999999999994 25
1733058217069 16.212000000000003 26
1733058277305 14.89 27
1733058336325 18.25 28
1733058395513 13.858000000000004 29
1733058455128 13.161999999999992 30
1733058514057 18.191999999999993 31
1733058572832 16.751999999999995 32
1733058632766 14.034000000000006 33
1733058691440 15.864000000000004 34
1733058749714 16.146 35
1733058808901 14.156000000000006 36
1733058867254 13.683999999999997 37
1733058925588 18.647999999999996 38
1733058984366 14.581999999999994 39
1733059043497 17.048000000000002 40
1733059101495 16.135999999999996 41
1733059159444 13.441999999999993 42
1733059218476 15.542000000000002 43
1733059276274 14.817999999999998 44
1733059334515 15.828000000000003 45
1733059396919 15.173999999999992 46
1733059455191 14.742000000000004 47
1733059513430 15.445999999999998 48
1733059572120 13.579999999999998 49
1733059631798 16.198000000000008 50
1733059690789 12.823999999999998 51
1733059750573 12.417999999999992 52
1733059810111 16.476 53
1733059868325 13.707999999999998 54
1733059927221 13.542000000000002 55
1733059986383 16.22 56
1733060044492 12.170000000000002 57
1733060102511 12.456000000000003 58
1733060160993 12.24199999999999 59
1733060219586 13.055999999999997 60
1733060277478 13.352000000000004 61
1733060335616 14.653999999999996 62
1733060394492 15.444000000000003 63
1733060453364 14.364000000000004 64
1733060511546 12.391999999999996 65
1733060569345 12.347999999999999 66
1733060628117 12.417999999999992 67
1733060695981 14.14800000000001 68
1733060768958 17.876000000000005 69
1733060826981 14.225999999999999 70
1733060884920 13.286000000000001 71
1733060943735 12.272000000000006 72
1733061001553 12.575999999999993 73
1733061059466 14.019999999999996 74
1733061117519 13.968000000000004 75
1733061176584 12.549999999999997 76
1733061234262 15.128 77
1733061292139 15.232 78
1733061349990 14.558000000000007 79
1733061409509 15.358000000000004 80
1733061467892 16.152 81
1733061526601 16.866 82
1733061585264 16.83 83
1733061643161 12.644000000000005 84
1733061701133 14.274000000000001 85
1733061759443 14.193999999999988 86
1733061819101 12.256 87
1733061877625 14.27000000000001 88
1733061936017 14.349999999999994 89
1733061994235 13.492000000000004 90
1733062053400 11.810000000000002 91
1733062111188 7.0859999999999985 92
1733062169476 6.439999999999998 93
1733062228667 6.037999999999997 94
1733062286890 5.788000000000011 95
1733062344913 5.656000000000006 96
1733062403140 5.47999999999999 97
1733062462964 5.213999999999999 98
1733062521502 5.042000000000002 99
1733062581353 5.096000000000004 100
1733062640897 4.813999999999993 101
1733062699313 4.739999999999995 102
1733062758891 4.730000000000004 103
1733062818779 4.447999999999993 104
1733062877528 4.5 105
1733062936223 4.349999999999994 106
1733062996458 4.412000000000006 107
1733063055017 4.0319999999999965 108
1733063113423 4.052000000000007 109
1733063173095 4.177999999999997 110
1733063231293 3.769999999999996 111
1733063289400 3.7959999999999923 112
1733063348032 3.8059999999999974 113
1733063407121 3.8100000000000023 114
1733063465214 3.763999999999996 115
1733063524303 3.628 116
1733063583927 3.430000000000007 117
1733063642503 3.647999999999996 118
1733063701161 3.378 119
1733063761075 3.254000000000005 120
1733063819432 3.5360000000000014 121
1733063877363 3.1400000000000006 122
1733063935993 3.3079999999999927 123
1733063994266 3.432000000000002 124
1733064052511 3.323999999999998 125
1733064110624 3.2180000000000035 126
1733064169629 3.093999999999994 127
1733064228108 3.2680000000000007 128
1733064287320 3.397999999999996 129
1733064346333 3.2079999999999984 130
1733064404790 2.814000000000007 131
1733064462663 2.896000000000001 132
1733064521156 3.254000000000005 133
1733064578818 2.7680000000000007 134
1733064637100 2.951999999999998 135
1733064695129 2.783999999999992 136
1733064754449 2.2700000000000102 137
1733064812284 2.103999999999999 138
1733064870152 1.8680000000000092 139
1733064928921 1.8979999999999961 140
1733064987615 1.8079999999999927 141
1733065046216 1.8659999999999997 142
1733065105585 1.8920000000000101 143
1733065165189 1.8400000000000034 144
1733065224330 1.8299999999999983 145
1733065283811 1.793999999999997 146
1733065343846 1.7680000000000007 147
1733065402842 1.608000000000004 148
1733065461592 1.7079999999999984 149
1733065521582 1.5759999999999934 150
1733065580178 1.7079999999999984 151
1733065638958 1.593999999999994 152
1733065698273 1.543999999999997 153
1733065756900 1.6280000000000001 154
1733065815399 1.543999999999997 155
1733065874352 1.6059999999999945 156
1733065931768 1.4339999999999975 157
1733065989068 1.563999999999993 158
1733066046738 1.608000000000004 159
1733066105061 1.480000000000004 160
1733066163068 1.5300000000000011 161
1733066220444 1.5379999999999967 162
1733066277734 1.475999999999999 163
1733066335976 1.5020000000000095 164
1733066393479 1.4499999999999886 165
1733066450877 1.4620000000000033 166
1733066508235 1.4159999999999968 167
1733066565956 1.3780000000000001 168
1733066623913 1.490000000000009 169
1733066680674 1.358000000000004 170
1733066738023 1.480000000000004 171
1733066796815 1.4240000000000066 172
1733066855860 1.3739999999999952 173
1733066913438 1.2900000000000063 174
1733066970950 1.4099999999999966 175
1733067029113 1.2999999999999972 176
1733067087591 1.3920000000000101 177
1733067145488 1.4080000000000013 178
1733067203036 1.5079999999999956 179
1733067261256 1.3340000000000032 180
1733067321607 1.1899999999999977 181
1733067379922 1.2900000000000063 182
