1733056732352 1.5969460816574097 1
1733056791892 1.0848398196411133 2
1733056852053 0.8733251588821411 3
1733056911455 0.7505696541595459 4
1733056970114 0.6795976129150391 5
1733057029644 0.6236929410934449 6
1733057088158 0.5918715174674988 7
1733057146533 0.5602570278930664 8
1733057205797 0.5459895693397522 9
1733057263942 0.5292969999217987 10
1733057322455 0.5133128681182861 11
1733057381312 0.5047226922798157 12
1733057440746 0.4887635047721863 13
1733057499331 0.4799830860233307 14
1733057558355 0.47848957916259766 15
1733057618758 0.46809553665161135 16
1733057677907 0.4575385584449768 17
1733057737677 0.4564352068519592 18
1733057797766 0.44685820041656493 19
1733057857073 0.4454556958580017 20
1733057917964 0.43727744180679323 21
1733057977621 0.43705534225463866 22
1733058037361 0.42907774631500245 23
1733058097997 0.42116784578323363 24
1733058157617 0.4266407162475586 25
1733058217058 0.41787556445121765 26
1733058277294 0.4135999525642395 27
1733058336314 0.414736195602417 28
1733058395503 0.41179986459732054 29
1733058455119 0.41075901849746704 30
1733058514046 0.4107162001228333 31
1733058572820 0.402500325756073 32
1733058632755 0.40005848125457766 33
1733058691429 0.40070331387519836 34
1733058749703 0.39490524240493774 35
1733058808887 0.3942971819114685 36
1733058867244 0.3920065428829193 37
1733058925572 0.39192085589408876 38
1733058984357 0.389972346162796 39
1733059043486 0.3882808853816986 40
1733059101485 0.3865587243461609 41
1733059159434 0.38365783473968507 42
1733059218456 0.382215818901062 43
1733059276263 0.38283329346656797 44
1733059334505 0.37606932830810547 45
1733059396906 0.37915470410346985 46
1733059455181 0.37969770378112794 47
1733059513421 0.37568282945632936 48
1733059572110 0.3770541038513184 49
1733059631787 0.37351088396072385 50
1733059690778 0.37468709142684936 51
1733059750563 0.3762236192893982 52
1733059810101 0.3704734771537781 53
1733059868315 0.37025813914775846 54
1733059927211 0.37103845602035523 55
1733059986373 0.3696347583580017 56
1733060044482 0.36646872861862184 57
1733060102501 0.36806647138595583 58
1733060160982 0.3711713856887817 59
1733060219575 0.3634370853614807 60
1733060277467 0.3657791384124756 61
1733060335600 0.36221255143165587 62
1733060394480 0.3686813123893738 63
1733060453353 0.36038711757659914 64
1733060511536 0.3638989607334137 65
1733060569334 0.37029057621955874 66
1733060628107 0.3594018543148041 67
1733060695968 0.3642061196708679 68
1733060768947 0.3618031081008911 69
1733060826972 0.3606916846656799 70
1733060884910 0.361734188747406 71
1733060943717 0.35962463910102843 72
1733061001543 0.3590517194271088 73
1733061059455 0.35945914632797243 74
1733061117509 0.3591187156009674 75
1733061176573 0.35725665353775027 76
1733061234251 0.3619203608608246 77
1733061292129 0.35444189679145816 78
1733061349977 0.36018337995529176 79
1733061409499 0.3621126760482788 80
1733061467882 0.35837187814712523 81
1733061526584 0.3597053827857971 82
1733061585247 0.35310675870895386 83
1733061643150 0.35777094775676727 84
1733061701123 0.35203148471832274 85
1733061759433 0.35230384229660033 86
1733061819092 0.35553709447860715 87
1733061877615 0.3546469762992859 88
1733061935999 0.35188185663223265 89
1733061994225 0.35337167207717896 90
1733062053390 0.34711864344596866 91
1733062111178 0.25647727492332456 92
1733062169466 0.21961215032577514 93
1733062228653 0.20522569194793702 94
1733062286879 0.1976107270526886 95
1733062344903 0.18503292027950285 96
1733062403128 0.17847327958106995 97
1733062462954 0.17809455821037293 98
1733062521492 0.17321436007738114 99
1733062581343 0.16714386972904205 100
1733062640887 0.16260073391914368 101
1733062699303 0.157796554851532 102
1733062758881 0.15676085280895233 103
1733062818766 0.1540867824935913 104
1733062877518 0.14775312857151032 105
1733062936203 0.1450413516998291 106
1733062996447 0.14286885797023774 107
1733063055007 0.14142979693889618 108
1733063113412 0.1377178192472458 109
1733063173084 0.1352427180814743 110
1733063231283 0.13595539608478546 111
1733063289390 0.1310500697994232 112
1733063348019 0.12979641509056092 113
1733063407110 0.13112327795028686 114
1733063465204 0.12704479318618775 115
1733063524295 0.12585661176204682 116
1733063583917 0.1231823626947403 117
1733063642493 0.1225073971247673 118
1733063701149 0.11876223189592361 119
1733063761064 0.11713683086633682 120
1733063819421 0.11816158509254455 121
1733063877352 0.116462809882164 122
1733063935971 0.11494665166854859 123
1733063994256 0.11466431498289108 124
1733064052502 0.11139561182975768 125
1733064110614 0.11054349807977676 126
1733064169618 0.10908949258089065 127
1733064228097 0.10826408125162125 128
1733064287309 0.10424711846113205 129
1733064346323 0.10390268820762634 130
1733064404779 0.10847376126766205 131
1733064462653 0.1039512463593483 132
1733064521146 0.10019310362339019 133
1733064578809 0.10094968282222748 134
1733064637089 0.10231931754350662 135
1733064695119 0.09869736045360565 136
1733064754438 0.08494994154453278 137
1733064812274 0.07881150068998337 138
1733064870142 0.07687517940521241 139
1733064928903 0.07430520976066589 140
1733064987605 0.07397351319313049 141
1733065046206 0.0721690365433693 142
1733065105576 0.06921255002140998 143
1733065165179 0.07170543553590775 144
1733065224318 0.06851654082775116 145
1733065283800 0.0701232957458496 146
1733065343836 0.06683800107002258 147
1733065402833 0.06586467135429383 148
1733065461581 0.0660203100168705 149
1733065521571 0.06547083069801331 150
1733065580168 0.0644643355333805 151
1733065638948 0.06591264791727067 152
1733065698262 0.06375729709744453 153
1733065756890 0.0638243140220642 154
1733065815389 0.06203241706848144 155
1733065874341 0.06239277910709381 156
1733065931758 0.06139695023536682 157
1733065989057 0.06115082623004913 158
1733066046727 0.06300196103334427 159
1733066105049 0.05990360625982285 160
1733066163058 0.057877423613071445 161
1733066220434 0.05679819743275642 162
1733066277724 0.056776069949269294 163
1733066335961 0.059791101059913636 164
1733066393468 0.05960009745746851 165
1733066450866 0.05606783737182617 166
1733066508224 0.05643955907464027 167
1733066565946 0.05742082805156708 168
1733066623903 0.056716715047955515 169
1733066680655 0.05494303580641746 170
1733066738014 0.05552598111629486 171
1733066796804 0.055935235290527345 172
1733066855850 0.05615343273699284 173
1733066913428 0.05470883294582367 174
1733066970939 0.055943366791009905 175
1733067029103 0.05584138904094696 176
1733067087581 0.054452899996042255 177
1733067145477 0.05413591295361519 178
1733067203026 0.052637891801595685 179
1733067261246 0.05131174396276474 180
1733067321597 0.053454037169218066 181
1733067379911 0.052364890103340146 182
