1733364696390 1.8430555131530761 1
1733364751912 1.355660532836914 2
1733364806902 1.1993084842681885 3
1733364862107 1.0755639468383789 4
1733364916678 0.9802783433151245 5
1733364973183 0.9125052449417115 6
1733365027643 0.8560650103378296 7
1733365083004 0.8017001735687256 8
1733365140708 0.7604432023620605 9
1733365197728 0.7224622396469116 10
1733365257637 0.6797670209121704 11
1733365317047 0.6535717308044433 12
1733365373252 0.6270477496528626 13
1733365429536 0.6053102925491333 14
1733365487259 0.5836914922714234 15
1733365543545 0.5684313213920593 16
1733365599151 0.5437842399215699 17
1733365654505 0.5325919934749603 18
1733365712412 0.5185504574680329 19
1733365771428 0.5029626948356628 20
1733365827198 0.4900868635749817 21
1733365883494 0.4839254040336609 22
1733365939634 0.4664470900154114 23
1733365994188 0.45784182939529416 24
1733366049436 0.4473216025924683 25
1733366104925 0.44025634557723997 26
1733366159806 0.4271345771408081 27
1733366219060 0.4200976223945618 28
1733366277089 0.4124455787754059 29
1733366333320 0.405218373746872 30
1733366389087 0.3953115803861618 31
1733366443597 0.3884247148609161 32
1733366502830 0.37709744531631467 33
1733366560753 0.37960552396774294 34
1733366616826 0.3701259987735748 35
1733366675592 0.3591591777896881 36
1733366730764 0.35663086528778076 37
1733366785374 0.35129809969902037 38
1733366845900 0.34322635429382325 39
1733366905721 0.3365588005065918 40
1733366965622 0.33391028567314146 41
1733367021350 0.32741582010269166 42
1733367079643 0.32112756130218506 43
1733367135141 0.31496798612594606 44
1733367190130 0.3144118060874939 45
1733367249911 0.30642526978492735 46
1733367305970 0.3013308379173279 47
1733367361580 0.3002829435157776 48
1733367418216 0.2898460217189789 49
1733367479067 0.29029232052326204 50
1733367535209 0.2872402473258972 51
1733367591778 0.28033744508743286 52
1733367649050 0.27683787511348723 53
1733367706118 0.2735129126405716 54
1733367762230 0.2706250223493576 55
1733367819002 0.26431774154663085 56
1733367875892 0.26185041511535645 57
1733367931822 0.2585968281173706 58
1733367988312 0.25274887771606447 59
1733368048586 0.25317356055259704 60
1733368105776 0.2475103632068634 61
1733368161387 0.2407429796409607 62
1733368217834 0.2438763271999359 63
1733368277576 0.2416773155593872 64
1733368338421 0.23621450077056885 65
1733368394712 0.23365252298355102 66
1733368454248 0.23237751641750334 67
1733368510172 0.22760076803684234 68
1733368566996 0.22583121494293212 69
1733368623700 0.22153067899942397 70
1733368681210 0.2203954246330261 71
1733368739366 0.2139104629611969 72
1733368799089 0.21626264492034913 73
1733368856080 0.2086952636861801 74
1733368911623 0.20653095977783203 75
1733368970093 0.20157914123535156 76
1733369025766 0.200379507188797 77
1733369081292 0.19967049625873565 78
1733369136891 0.19197436473846435 79
1733369193968 0.1997126873588562 80
1733369249694 0.1923614622783661 81
1733369305399 0.1916167128276825 82
1733369360778 0.1865822923183441 83
1733369417649 0.18294554621219636 84
1733369474463 0.1840012348461151 85
1733369530513 0.17805682257652283 86
1733369586237 0.17856578061580658 87
1733369642816 0.18126039363384247 88
1733369699897 0.1764026817369461 89
1733369760351 0.1707389646434784 90
1733369816930 0.1700396785402298 91
1733369878029 0.1284238686466217 92
1733369935479 0.11723800580263138 93
1733369994778 0.1127384533572197 94
1733370051081 0.11195239933013916 95
1733370106876 0.10814110395431518 96
1733370164063 0.10744498534202576 97
1733370219589 0.10606229283809662 98
1733370275513 0.10436441816329955 99
1733370331298 0.10332231677532196 100
1733370391247 0.10009854982614518 101
1733370451581 0.10073885446071625 102
1733370509062 0.10003223736286164 103
1733370569784 0.09806230928182602 104
1733370629739 0.09697527186870575 105
1733370686156 0.10014547762155533 106
1733370747303 0.09723655686855316 107
1733370805260 0.09765727588176727 108
1733370862235 0.09578959764480591 109
1733370923142 0.09310338044643401 110
1733370980028 0.0962654460477829 111
1733371036112 0.093544654712677 112
1733371092379 0.09218283104419708 113
1733371150405 0.09389402143001556 114
1733371206926 0.09307475022554397 115
1733371264414 0.0906560235619545 116
1733371321221 0.09277385457754135 117
1733371377510 0.09151637393951416 118
1733371436134 0.09128479289054871 119
1733371497104 0.08892946187496185 120
1733371554572 0.08990690813541412 121
1733371611693 0.08985178951740265 122
1733371669499 0.08917885987997055 123
1733371725992 0.08959500363826751 124
1733371782123 0.0878941503918171 125
1733371840149 0.08875801187515259 126
1733371898441 0.08742336722850799 127
1733371956448 0.08484813064098358 128
1733372012743 0.08680065686702729 129
1733372069885 0.08420577093839646 130
1733372125572 0.08662634799957275 131
1733372182580 0.0828920677769184 132
1733372239436 0.08413652588367462 133
1733372295548 0.08215466584205627 134
1733372353051 0.08341451266050338 135
1733372409624 0.08280244451284409 136
1733372469979 0.08117697136878967 137
1733372526214 0.080691523168087 138
1733372582217 0.07910116455197334 139
1733372639577 0.07793321053504944 140
1733372696473 0.07942859774112701 141
1733372752522 0.07940798439145089 142
1733372810055 0.07931293478488922 143
1733372868992 0.07787072370052338 144
1733372928716 0.07639735689163207 145
1733372988288 0.07649142955303193 146
1733373045669 0.07649394984960556 147
1733373101815 0.07978536911010742 148
1733373159311 0.07886753526926041 149
1733373217800 0.0776440313911438 150
1733373275512 0.07834088737487793 151
1733373331496 0.07589142305731773 152
1733373392303 0.07779509397506713 153
1733373449534 0.07697569577455521 154
1733373505515 0.07914339248657226 155
1733373561269 0.07770755427360534 156
1733373617268 0.07623403306484222 157
1733373678118 0.07813946709752083 158
1733373736382 0.07669030587673187 159
1733373793054 0.07707790967345238 160
1733373850616 0.0757582747387886 161
1733373907980 0.07633193847179413 162
1733373965401 0.07700127939224242 163
1733374025158 0.07706995910406113 164
1733374082280 0.07502517036914826 165
1733374140745 0.07752783262968063 166
1733374198588 0.07879136478424072 167
1733374255678 0.07794185423374177 168
1733374313571 0.07820863903284073 169
1733374375033 0.07730658723831177 170
1733374432020 0.07593427149772644 171
1733374493062 0.07779996041536331 172
1733374551794 0.07623613912582397 173
1733374608946 0.07752116801500321 174
1733374665235 0.07487307429909706 175
1733374721582 0.07794558829784393 176
1733374779360 0.07635375140190125 177
1733374837590 0.0754170235991478 178
1733374894941 0.0753928460764885 179
1733374952744 0.07678793039560318 180
1733375010076 0.07541309167861938 181
1733375068226 0.07705373227596284 182
