1733364696391 55.394 1
1733364751914 46.084 2
1733364806904 43.288000000000004 3
1733364862114 36.904 4
1733364916680 36.098 5
1733364973185 32.744 6
1733365027645 29.034000000000006 7
1733365083006 28.11200000000001 8
1733365140710 27.5 9
1733365197730 24.257999999999996 10
1733365257639 23.319999999999993 11
1733365317049 24.658 12
1733365373254 22.281999999999996 13
1733365429538 21.682000000000002 14
1733365487261 19.58 15
1733365543547 21.189999999999998 16
1733365599153 19.635999999999996 17
1733365654507 19.006 18
1733365712414 17.156000000000006 19
1733365771430 17.408 20
1733365827200 17.560000000000002 21
1733365883496 19.396 22
1733365939636 17.432000000000002 23
1733365994190 17.930000000000007 24
1733366049438 15.876000000000005 25
1733366104928 16.462000000000003 26
1733366159808 17.195999999999998 27
1733366219062 14.206000000000003 28
1733366277091 15.817999999999998 29
1733366333321 16.665999999999997 30
1733366389089 14.012 31
1733366443599 13.123999999999995 32
1733366502832 15.561999999999998 33
1733366560755 14.046000000000006 34
1733366616828 12.771999999999991 35
1733366675594 14.488 36
1733366730766 13.049999999999997 37
1733366785376 14.112000000000009 38
1733366845902 14.706000000000003 39
1733366905723 11.665999999999997 40
1733366965625 13.756 41
1733367021352 10.543999999999997 42
1733367079645 11.192000000000007 43
1733367135143 11.099999999999994 44
1733367190132 11.260000000000005 45
1733367249913 10.213999999999999 46
1733367305973 12.078000000000003 47
1733367361582 10.732 48
1733367418218 9.597999999999999 49
1733367479070 9.519999999999996 50
1733367535211 9.938000000000002 51
1733367591780 10.725999999999999 52
1733367649052 10.281999999999996 53
1733367706120 9.838000000000008 54
1733367762232 10.006 55
1733367819004 9.899999999999991 56
1733367875894 9.926000000000002 57
1733367931824 9.787999999999997 58
1733367988314 10.866 59
1733368048588 9.317999999999998 60
1733368105778 8.052000000000007 61
1733368161389 9.64 62
1733368217836 8.870000000000005 63
1733368277578 8.187999999999988 64
1733368338423 8.927999999999997 65
1733368394714 8.915999999999997 66
1733368454250 7.498000000000005 67
1733368510180 7.76400000000001 68
1733368566999 9.236000000000004 69
1733368623702 8.813999999999993 70
1733368681212 9.793999999999997 71
1733368739368 8.182000000000002 72
1733368799091 9.176000000000002 73
1733368856082 7.626000000000005 74
1733368911625 6.846000000000004 75
1733368970095 6.364000000000004 76
1733369025769 7.366 77
1733369081294 7.962000000000003 78
1733369136893 7.846000000000004 79
1733369193970 8.018 80
1733369249696 8.784000000000006 81
1733369305401 7.387999999999991 82
1733369360780 6.873999999999995 83
1733369417651 7.284000000000006 84
1733369474465 6.7819999999999965 85
1733369530515 6.025999999999996 86
1733369586239 5.840000000000003 87
1733369642818 7.477999999999994 88
1733369699899 7.213999999999999 89
1733369760353 6.155999999999992 90
1733369816932 7.260000000000005 91
1733369878031 3.432000000000002 92
1733369935481 3.269999999999996 93
1733369994780 3.191999999999993 94
1733370051083 3.063999999999993 95
1733370106878 3.069999999999993 96
1733370164065 2.951999999999998 97
1733370219591 2.8619999999999948 98
1733370275515 2.8640000000000043 99
1733370331300 2.8659999999999997 100
1733370391249 2.685999999999993 101
1733370451583 2.7319999999999993 102
1733370509064 2.7319999999999993 103
1733370569786 2.7139999999999986 104
1733370629741 2.700000000000003 105
1733370686158 2.646000000000001 106
1733370747306 2.6739999999999924 107
1733370805262 2.563999999999993 108
1733370862237 2.524000000000001 109
1733370923144 2.578000000000003 110
1733370980030 2.603999999999999 111
1733371036115 2.5039999999999907 112
1733371092381 2.5120000000000005 113
1733371150407 2.543999999999997 114
1733371206928 2.5519999999999925 115
1733371264416 2.352000000000004 116
1733371321223 2.4099999999999966 117
1733371377512 2.334000000000003 118
1733371436136 2.4599999999999937 119
1733371497106 2.39200000000001 120
1733371554574 2.3160000000000025 121
1733371611695 2.372 122
1733371669501 2.4200000000000017 123
1733371725994 2.3059999999999974 124
1733371782125 2.2379999999999995 125
1733371840151 2.3939999999999912 126
1733371898443 2.2279999999999944 127
1733371956450 2.2759999999999962 128
1733372012744 2.3739999999999952 129
1733372069887 2.2079999999999984 130
1733372125574 2.2180000000000035 131
1733372182587 2.1839999999999975 132
1733372239438 2.25 133
1733372295549 2.165999999999997 134
1733372353053 2.234000000000009 135
1733372409625 2.034000000000006 136
1733372469981 2.0460000000000065 137
1733372526216 2.0259999999999962 138
1733372582219 2.0660000000000025 139
1733372639578 2.0700000000000074 140
1733372696475 2.0020000000000095 141
1733372752524 2.0720000000000027 142
1733372810056 2.0900000000000034 143
1733372868993 2.0079999999999956 144
1733372928718 2.0759999999999934 145
1733372988290 1.9920000000000044 146
1733373045671 1.9680000000000035 147
1733373101817 2.084000000000003 148
1733373159312 2.0039999999999907 149
1733373217802 2.0700000000000074 150
1733373275514 1.936000000000007 151
1733373331498 2.0319999999999965 152
1733373392306 1.9959999999999951 153
1733373449535 1.9000000000000057 154
1733373505517 2.0279999999999916 155
1733373561271 2.0819999999999936 156
1733373617270 1.956000000000003 157
1733373678120 2.015999999999991 158
1733373736384 2.0319999999999965 159
1733373793056 2.0039999999999907 160
1733373850618 1.8560000000000088 161
1733373907981 1.9579999999999984 162
1733373965403 2.019999999999996 163
1733374025160 1.980000000000004 164
1733374082281 1.9080000000000013 165
1733374140746 1.8419999999999987 166
1733374198589 2.034000000000006 167
1733374255680 1.9579999999999984 168
1733374313573 1.9080000000000013 169
1733374375035 1.902000000000001 170
1733374432021 2.048000000000002 171
1733374493064 1.9080000000000013 172
1733374551796 1.9539999999999935 173
1733374608948 1.9579999999999984 174
1733374665237 1.926000000000002 175
1733374721584 1.8939999999999912 176
1733374779362 1.8719999999999999 177
1733374837591 1.9680000000000035 178
1733374894943 1.9719999999999942 179
1733374952745 2.030000000000001 180
1733375010078 2.0039999999999907 181
1733375068228 1.9599999999999937 182
