1733708763515 64.36324882507324 1
1733708865127 62.28065228462219 2
1733708966370 62.201862812042236 3
1733709067574 62.21974492073059 4
1733709168840 62.17334318161011 5
1733709270341 62.3777072429657 6
1733709371944 62.315661907196045 7
1733709473142 62.13898849487305 8
1733709574520 62.24633026123047 9
1733709675812 62.15742492675781 10
1733709777240 62.14774465560913 11
1733709878389 62.15088629722595 12
1733709979674 62.1930251121521 13
1733710080966 62.28011751174927 14
1733710182333 62.26194953918457 15
1733710283730 62.240992307662964 16
1733710385068 62.31317138671875 17
1733710486270 62.17034363746643 18
1733710587649 62.240800619125366 19
1733710688754 62.112688302993774 20
1733710789916 62.14355421066284 21
1733710891403 62.16250920295715 22
1733710993105 62.59905505180359 23
1733711094574 62.29387664794922 24
1733711195781 62.17892026901245 25
1733711296986 62.136911392211914 26
1733711398380 62.20962166786194 27
1733711499512 62.14144325256348 28
1733711600746 62.19883728027344 29
1733711702319 62.26816511154175 30
1733711804024 62.44609236717224 31
1733711905665 62.43486189842224 32
1733712006990 62.09044647216797 33
1733712108570 62.285553216934204 34
1733712210024 62.24765110015869 35
1733712311447 62.16462564468384 36
1733712412833 62.18900108337402 37
1733712514067 62.22969031333923 38
1733712615407 62.191821575164795 39
1733712716828 62.23690176010132 40
1733712818112 62.21077513694763 41
1733712919783 62.4097113609314 42
1733713021328 62.21410155296326 43
1733713122826 62.36555099487305 44
1733713224245 62.330344676971436 45
1733713325492 62.17337369918823 46
1733713426912 62.22710299491882 47
1733713528314 62.25000858306885 48
1733713629562 62.198240756988525 49
1733713730666 62.142921447753906 50
1733713832263 62.357080698013306 51
1733713933844 62.28190207481384 52
1733714035579 62.37799692153931 53
1733714136753 62.08282518386841 54
1733714237967 62.19883108139038 55
1733714339163 62.19583749771118 56
1733714440313 62.145514488220215 57
1733714541522 62.110939502716064 58
1733714642656 62.15831398963928 59
1733714743702 62.11724829673767 60
1733714844739 62.079944133758545 61
1733714945962 62.163233518600464 62
1733715047207 62.16266131401062 63
1733715148226 62.04518961906433 64
1733715249460 62.16038155555725 65
1733715350551 62.093369245529175 66
1733715451979 62.24169588088989 67
1733715553153 62.184826612472534 68
1733715654418 62.138269662857056 69
1733715755689 62.142741203308105 70
1733715856923 62.102452993392944 71
1733715958070 62.13125491142273 72
1733716059431 62.24357604980469 73
1733716160749 62.12061882019043 74
1733716262070 62.17691946029663 75
1733716363136 62.181968688964844 76
1733716464334 62.12258529663086 77
1733716565482 62.105557441711426 78
1733716666732 62.11459255218506 79
1733716767941 62.07809400558472 80
1733716868962 62.10938906669617 81
1733716969970 62.083309173583984 82
1733717071231 62.13008141517639 83
1733717172470 62.08561706542969 84
1733717273543 62.13321614265442 85
1733717374535 62.12007546424866 86
1733717475702 62.1201286315918 87
1733717576632 61.95773983001709 88
1733717677687 62.07651662826538 89
1733717778787 62.16418099403381 90
1733717879861 62.031294107437134 91
1733717980960 62.06580090522766 92
1733718081725 61.922025203704834 93
1733718182416 61.933194637298584 94
1733718283475 61.94819688796997 95
1733718384337 62.04260516166687 96
1733718485223 61.95985651016235 97
1733718586005 61.83265733718872 98
1733718686663 61.90501856803894 99
1733718787454 61.8317666053772 100
1733718888231 61.903682708740234 101
1733718988957 61.916393518447876 102
1733719089594 61.89254355430603 103
1733719190493 61.87313508987427 104
1733719291304 61.951114892959595 105
1733719391985 61.82793998718262 106
1733719492804 61.87238144874573 107
1733719593674 62.01350402832031 108
1733719694925 62.140846252441406 109
1733719795897 62.060526847839355 110
1733719896682 61.93589472770691 111
1733719997477 61.95099592208862 112
1733720098440 61.92096471786499 113
1733720200016 62.37426781654358 114
1733720301340 62.186535596847534 115
1733720402771 62.23011493682861 116
1733720504277 62.23318147659302 117
1733720605035 61.839107036590576 118
1733720706071 61.95045518875122 119
1733720806982 61.971009969711304 120
1733720907962 61.9612922668457 121
1733721008968 62.01778817176819 122
1733721109895 61.96175813674927 123
1733721210626 61.87038969993591 124
1733721311359 61.9415385723114 125
1733721412031 61.86037492752075 126
1733721513066 61.98059630393982 127
1733721614000 61.99592351913452 128
1733721714991 61.99090647697449 129
1733721816064 62.023313999176025 130
1733721916985 61.965333223342896 131
1733722017820 61.92377233505249 132
1733722118716 61.97318410873413 133
1733722219525 61.927464723587036 134
1733722320287 61.95246648788452 135
1733722421040 62.025893211364746 136
1733722521827 61.84320139884949 137
1733722622737 61.94964671134949 138
1733722723561 61.948384284973145 139
1733722824732 62.08048105239868 140
1733722925578 61.98470854759216 141
1733723026296 61.950241565704346 142
1733723127013 61.813544273376465 143
1733723227766 61.93941688537598 144
1733723328382 61.870492458343506 145
1733723429280 61.84885764122009 146
1733723530091 61.971373319625854 147
1733723630629 61.74707102775574 148
1733723731335 61.881776332855225 149
1733723832164 61.91640877723694 150
1733723932980 61.89738154411316 151
1733724033649 61.878283739089966 152
1733724134556 61.92055320739746 153
1733724235323 61.82084512710571 154
1733724336056 61.824604749679565 155
1733724436773 61.8923134803772 156
1733724537673 61.87817621231079 157
1733724638444 61.960304975509644 158
1733724739095 61.892603635787964 159
1733724839797 61.86070728302002 160
1733724940585 61.932040214538574 161
1733725041415 61.976186752319336 162
1733725142192 61.871886014938354 163
1733725243132 61.99386930465698 164
