1733708763529 1.7297634985351562 1
1733708865142 1.2724796654891968 2
1733708966385 1.069887880706787 3
1733709067588 0.9425370378303528 4
1733709168851 0.8497264242172241 5
1733709270365 0.77564303440094 6
1733709371961 0.715297262058258 7
1733709473154 0.671451630935669 8
1733709574532 0.6344253304672242 9
1733709675825 0.6055107332992554 10
1733709777256 0.5756280286216736 11
1733709878401 0.5478341488456726 12
1733709979686 0.5339563855171203 13
1733710080979 0.5115445156288146 14
1733710182346 0.4959826507472992 15
1733710283743 0.48158455127716066 16
1733710385081 0.466048037815094 17
1733710486284 0.45494515111923217 18
1733710587661 0.44084152910232544 19
1733710688767 0.4293941316986084 20
1733710789933 0.4249682413864136 21
1733710891414 0.40840177881240847 22
1733710993118 0.39977566198349 23
1733711094586 0.3948193408203125 24
1733711195802 0.38323901267051697 25
1733711296999 0.37730906728744507 26
1733711398394 0.3708172420310974 27
1733711499529 0.36403315617084503 28
1733711600758 0.3587523239135742 29
1733711702332 0.35035698461532594 30
1733711804037 0.34616895305633544 31
1733711905679 0.3371268783378601 32
1733712007003 0.3341081869697571 33
1733712108584 0.32744570959091185 34
1733712210036 0.3278563673305511 35
1733712311458 0.3168657564163208 36
1733712412847 0.3151270799255371 37
1733712514081 0.3060042338848114 38
1733712615420 0.3042470039272308 39
1733712716843 0.302145625834465 40
1733712818126 0.29658635239601133 41
1733712919796 0.29944993847846985 42
1733713021341 0.2931591697502136 43
1733713122846 0.28556551919937134 44
1733713224259 0.28455300675392153 45
1733713325504 0.2802693331050873 46
1733713426926 0.28358479112625123 47
1733713528328 0.27608427766799926 48
1733713629575 0.2755709020137787 49
1733713730679 0.27069805861473084 50
1733713832275 0.2682248169231415 51
1733713933857 0.2702305908679962 52
1733714035592 0.2633466798877716 53
1733714136766 0.2607116376924515 54
1733714237980 0.258635016412735 55
1733714339179 0.26153330122947693 56
1733714440325 0.2558963838195801 57
1733714541533 0.2537548776626587 58
1733714642670 0.2555054727077484 59
1733714743718 0.2555630445861816 60
1733714844752 0.2506699097728729 61
1733714945974 0.2451139691734314 62
1733715047219 0.24682452063560487 63
1733715148239 0.24520305565834044 64
1733715249473 0.244461492228508 65
1733715350563 0.2392919033050537 66
1733715451992 0.24135362130641938 67
1733715553166 0.23756209448337554 68
1733715654430 0.23522170639514922 69
1733715755701 0.23980323065757753 70
1733715856937 0.2346615906715393 71
1733715958083 0.22894195971488954 72
1733716059444 0.23038431314468383 73
1733716160761 0.2314177796316147 74
1733716262083 0.2313786235523224 75
1733716363151 0.22909248081207276 76
1733716464347 0.2264365897464752 77
1733716565495 0.22565197162628173 78
1733716666745 0.2274393138885498 79
1733716767956 0.22288209053993224 80
1733716868975 0.21982820204734801 81
1733716969988 0.22139992225646973 82
1733717071244 0.22059976474761964 83
1733717172482 0.21978433385372162 84
1733717273554 0.22029094359397888 85
1733717374548 0.21617146763324738 86
1733717475715 0.2149878858280182 87
1733717576647 0.2125811901283264 88
1733717677701 0.21719266214847566 89
1733717778799 0.2172269495201111 90
1733717879876 0.21237677284240722 91
1733717980974 0.1478536568927765 92
1733718081739 0.12565986155033113 93
1733718182429 0.11684168337345123 94
1733718283490 0.11159039804935456 95
1733718384349 0.10605736257314682 96
1733718485238 0.1029522263431549 97
1733718586019 0.09752318727493287 98
1733718686676 0.09578508223772049 99
1733718787468 0.09486662519693374 100
1733718888245 0.08919264650821686 101
1733718988970 0.08625028980493546 102
1733719089607 0.08863897111654281 103
1733719190512 0.08611056961297989 104
1733719291316 0.08337914216756821 105
1733719392000 0.07906557582616806 106
1733719492823 0.07634202897906303 107
1733719593686 0.07883659914016723 108
1733719694938 0.07542503502130508 109
1733719795909 0.07525783935785293 110
1733719896695 0.07293129624843597 111
1733719997490 0.07379215017080307 112
1733720098453 0.07246173717737198 113
1733720200032 0.07103294369339944 114
1733720301352 0.07082778985381126 115
1733720402783 0.06254546047210693 116
1733720504290 0.06034743534088135 117
1733720605048 0.06062784789800644 118
1733720706083 0.06035637406826019 119
1733720806998 0.05861505855202675 120
1733720907977 0.058778256192803385 121
1733721008983 0.05861732187986374 122
1733721109909 0.059246835641860965 123
1733721210641 0.05818145086050033 124
1733721311371 0.05695088109731674 125
1733721412053 0.05847741861820221 126
1733721513080 0.057197854619026184 127
1733721614014 0.05681289413452149 128
1733721715005 0.057857913045883176 129
1733721816076 0.054861982629299165 130
1733721917000 0.05604527905702591 131
1733722017833 0.055126577773094175 132
1733722118732 0.05494871301174164 133
1733722219537 0.055551365451812745 134
1733722320299 0.05559324415683747 135
1733722421053 0.05539236882686615 136
1733722521839 0.05371512341976166 137
1733722622750 0.05495666943073273 138
1733722723573 0.05479282912254334 139
1733722824745 0.05418582852363586 140
1733722925589 0.054554691325426105 141
1733723026308 0.05450779723584652 142
1733723127029 0.052699750015735625 143
1733723227779 0.054469659292697904 144
1733723328400 0.054384197947978975 145
1733723429293 0.05391790664792061 146
1733723530102 0.052807628378868106 147
1733723630643 0.05245956092059612 148
1733723731348 0.05292439736366272 149
1733723832178 0.05307173783183098 150
1733723932993 0.0517316790497303 151
1733724033662 0.05292650765955448 152
1733724134569 0.05234026445806027 153
1733724235337 0.05303553061842919 154
1733724336068 0.051550851354599 155
1733724436786 0.051503524988889694 156
1733724537685 0.052511602137088775 157
1733724638456 0.04981665335893631 158
1733724739108 0.05175904691696167 159
1733724839811 0.05156727833867073 160
1733724940598 0.05214555084466934 161
1733725041427 0.05128025287866592 162
1733725142204 0.052375518372058866 163
1733725243144 0.05276043189525604 164
