1733708763543 53.258 1
1733708865154 44.094 2
1733708966398 37.208 3
1733709067600 35.97200000000001 4
1733709168862 29.988 5
1733709270380 26.037999999999997 6
1733709371975 25.233999999999995 7
1733709473164 23.440000000000012 8
1733709574550 23.960000000000008 9
1733709675837 21.59400000000001 10
1733709777267 21.658 11
1733709878412 22.88799999999999 12
1733709979697 20.456000000000003 13
1733710080991 22.067999999999998 14
1733710182358 16.317999999999998 15
1733710283754 20.524 16
1733710385092 16.188000000000002 17
1733710486297 16.304000000000002 18
1733710587672 16.313999999999993 19
1733710688778 17.656000000000006 20
1733710789947 15.238 21
1733710891426 14.563999999999993 22
1733710993128 16.78 23
1733711094596 15.799999999999997 24
1733711195813 13.593999999999994 25
1733711297011 15.494 26
1733711398407 12.527999999999992 27
1733711499546 14.209999999999994 28
1733711600769 12.132000000000005 29
1733711702343 11.724000000000004 30
1733711804048 11.826000000000008 31
1733711905691 14.61 32
1733712007013 13.373999999999995 33
1733712108597 12.372 34
1733712210046 12.388000000000005 35
1733712311469 10.920000000000002 36
1733712412858 11.066000000000003 37
1733712514093 13.649999999999991 38
1733712615431 12.819999999999993 39
1733712716854 9.769999999999996 40
1733712818137 11.652000000000001 41
1733712919806 12.866 42
1733713021352 9.462000000000003 43
1733713122856 11.354 44
1733713224270 9.512 45
1733713325514 9.819999999999993 46
1733713426946 8.549999999999997 47
1733713528340 11.391999999999996 48
1733713629586 9.765999999999991 49
1733713730690 9.387999999999991 50
1733713832286 10.578000000000003 51
1733713933872 13.566000000000003 52
1733714035603 8.948000000000008 53
1733714136777 10.240000000000009 54
1733714237990 9.599999999999994 55
1733714339193 12.319999999999993 56
1733714440336 9.807999999999993 57
1733714541545 11.347999999999999 58
1733714642682 10.134 59
1733714743733 9.055999999999997 60
1733714844764 10.37599999999999 61
1733714945985 9.067999999999998 62
1733715047235 8.524000000000001 63
1733715148254 9.028000000000006 64
1733715249487 7.662000000000006 65
1733715350573 9.277999999999992 66
1733715452003 8.834000000000003 67
1733715553178 8.430000000000007 68
1733715654444 9.138000000000005 69
1733715755711 8.106000000000009 70
1733715856949 8.322000000000003 71
1733715958094 7.728000000000009 72
1733716059455 7.533999999999992 73
1733716160771 8.096000000000004 74
1733716262095 8.655999999999992 75
1733716363164 9.432000000000002 76
1733716464358 8.322000000000003 77
1733716565505 7.687999999999988 78
1733716666756 7.597999999999999 79
1733716767967 7.287999999999997 80
1733716868985 7.0859999999999985 81
1733716969999 7.52000000000001 82
1733717071255 9.418000000000006 83
1733717172492 8.533999999999992 84
1733717273574 7.561999999999998 85
1733717374560 6.888000000000005 86
1733717475728 8.155999999999992 87
1733717576657 7.292000000000002 88
1733717677712 8.055999999999997 89
1733717778809 7.372 90
1733717879890 6.573999999999998 91
1733717980986 3.4819999999999993 92
1733718081751 3.2560000000000002 93
1733718182439 2.917999999999992 94
1733718283503 2.6640000000000015 95
1733718384359 2.567999999999998 96
1733718485248 2.5060000000000002 97
1733718586030 2.2920000000000016 98
1733718686687 2.180000000000007 99
1733718787478 2.067999999999998 100
1733718888257 1.9879999999999995 101
1733718988981 1.9920000000000044 102
1733719089617 1.8880000000000052 103
1733719190524 1.8680000000000092 104
1733719291327 1.8059999999999974 105
1733719392012 1.6659999999999968 106
1733719492835 1.7099999999999937 107
1733719593696 1.5700000000000074 108
1733719694948 1.5060000000000002 109
1733719795928 1.5660000000000025 110
1733719896705 1.4920000000000044 111
1733719997501 1.6099999999999994 112
1733720098465 1.4140000000000015 113
1733720200047 1.4699999999999989 114
1733720301363 1.3760000000000048 115
1733720402795 1.274000000000001 116
1733720504301 1.1820000000000022 117
1733720605059 1.1299999999999955 118
1733720706094 1.1440000000000055 119
1733720807013 1.0460000000000065 120
1733720907989 1.1299999999999955 121
1733721008995 1.034000000000006 122
1733721109921 1.063999999999993 123
1733721210653 1.0159999999999911 124
1733721311383 1.0859999999999985 125
1733721412069 1.0600000000000023 126
1733721513092 1.1020000000000039 127
1733721614029 1.0879999999999939 128
1733721715023 1.039999999999992 129
1733721816086 0.9860000000000042 130
1733721917013 1.0100000000000051 131
1733722017843 1.0360000000000014 132
1733722118746 1.0220000000000056 133
1733722219547 0.9779999999999944 134
1733722320311 0.9860000000000042 135
1733722421065 0.9719999999999942 136
1733722521850 0.9860000000000042 137
1733722622761 1.0360000000000014 138
1733722723583 0.9920000000000044 139
1733722824755 0.9480000000000075 140
1733722925601 0.9879999999999995 141
1733723026318 0.980000000000004 142
1733723127044 0.8659999999999997 143
1733723227790 0.8739999999999952 144
1733723328412 0.9399999999999977 145
1733723429304 0.945999999999998 146
1733723530115 0.936000000000007 147
1733723630660 0.9339999999999975 148
1733723731359 0.9399999999999977 149
1733723832191 0.9260000000000019 150
1733723933003 0.9179999999999922 151
1733724033673 0.9040000000000106 152
1733724134581 0.9120000000000061 153
1733724235349 0.8760000000000048 154
1733724336079 0.9480000000000075 155
1733724436797 0.9200000000000017 156
1733724537699 0.9140000000000015 157
1733724638467 0.8780000000000001 158
1733724739119 0.882000000000005 159
1733724839821 0.7980000000000018 160
1733724940608 0.8159999999999883 161
1733725041437 0.9299999999999926 162
1733725142215 0.7920000000000016 163
1733725243155 0.8520000000000039 164
