1733136127652 62.85870385169983 1
1733136228655 62.13120460510254 2
1733136329253 61.87780046463013 3
1733136430208 61.97537064552307 4
1733136531150 61.95835304260254 5
1733136631873 61.974555253982544 6
1733136732760 61.921820402145386 7
1733136833643 61.943865060806274 8
1733136934788 62.17344903945923 9
1733137035888 62.13023233413696 10
1733137136896 62.11590099334717 11
1733137237883 62.012287855148315 12
1733137338739 62.097649812698364 13
1733137439884 61.84265756607056 14
1733137540964 62.12766122817993 15
1733137642045 62.04546642303467 16
1733137743629 62.27273464202881 17
1733137844700 62.141122341156006 18
1733137945552 61.85051441192627 19
1733138046362 61.84915232658386 20
1733138147176 61.89101529121399 21
1733138248311 62.05096793174744 22
1733138349655 62.21057724952698 23
1733138450850 62.21673560142517 24
1733138552165 62.08833026885986 25
1733138653175 62.03132748603821 26
1733138754101 61.994608640670776 27
1733138855127 61.99059772491455 28
1733138956342 62.02761960029602 29
1733139057637 62.09726166725159 30
1733139158557 62.006707191467285 31
1733139259696 62.15368890762329 32
1733139361188 62.196550607681274 33
1733139462395 62.16232204437256 34
1733139563643 62.193790912628174 35
1733139664701 62.11712622642517 36
1733139765659 62.065629720687866 37
1733139866517 62.020705223083496 38
1733139967445 62.09735870361328 39
1733140068443 62.11372208595276 40
1733140169373 62.05380463600159 41
1733140270472 62.002742528915405 42
1733140371523 62.10410284996033 43
1733140472387 62.078869342803955 44
1733140573239 61.90524125099182 45
1733140673858 61.86881756782532 46
1733140774729 61.999998331069946 47
1733140875537 62.10447406768799 48
1733140976114 61.85586595535278 49
1733141077117 61.96799993515015 50
1733141178018 61.97402620315552 51
1733141278799 61.97177004814148 52
1733141379743 62.08594012260437 53
1733141481618 62.426074266433716 54
1733141582974 62.471200942993164 55
1733141683876 61.94674062728882 56
1733141784544 61.87746334075928 57
1733141885272 61.85705351829529 58
1733141986207 62.07784032821655 59
1733142086688 61.85991358757019 60
1733142187314 62.042784690856934 61
1733142287929 61.83769679069519 62
1733142388562 61.829084396362305 63
1733142489157 61.823893785476685 64
1733142590057 61.90567374229431 65
1733142690914 61.946253299713135 66
1733142791768 61.92592120170593 67
1733142892499 61.95089793205261 68
1733142993157 61.92206525802612 69
1733143093918 61.83781695365906 70
1733143194548 61.923543214797974 71
1733143295357 61.850621461868286 72
1733143396285 61.97807216644287 73
1733143497042 61.9975380897522 74
1733143597882 62.04045224189758 75
1733143698662 61.90384101867676 76
1733143799340 61.89528441429138 77
1733143900174 61.907044649124146 78
1733144000903 61.83479046821594 79
1733144102013 61.97929763793945 80
1733144203189 62.11136221885681 81
1733144304506 62.113152265548706 82
1733144405767 62.2198760509491 83
1733144506697 62.05766201019287 84
1733144607887 62.14190077781677 85
1733144709054 62.12107515335083 86
1733144810085 62.126988649368286 87
1733144911157 62.154725790023804 88
1733145012364 62.17680311203003 89
1733145113588 62.18567609786987 90
1733145214580 62.038443088531494 91
1733145315734 62.068782329559326 92
1733145417032 62.13837194442749 93
1733145517810 62.06805610656738 94
1733145618564 61.893861293792725 95
1733145719313 61.960193395614624 96
1733145819985 61.90073561668396 97
1733145921088 62.01064085960388 98
1733146021980 61.97660207748413 99
1733146122960 61.94558620452881 100
1733146224025 62.03473687171936 101
1733146325417 62.169570446014404 102
1733146426637 62.14777970314026 103
1733146527574 62.10141158103943 104
1733146628378 61.90710973739624 105
1733146729043 61.89597010612488 106
1733146829693 61.86270546913147 107
1733146930670 61.91139078140259 108
1733147031391 61.910988330841064 109
1733147132821 62.139078855514526 110
1733147233815 62.05106854438782 111
1733147334784 62.04305148124695 112
1733147435774 61.986276149749756 113
1733147536757 62.07554268836975 114
1733147638095 62.18164348602295 115
1733147739142 62.06914973258972 116
1733147840021 62.05834364891052 117
1733147940962 62.13243651390076 118
1733148041803 61.912736892700195 119
1733148142710 61.88379168510437 120
1733148243688 62.091978788375854 121
1733148344572 62.07407021522522 122
1733148445460 62.01722526550293 123
1733148546794 62.21079969406128 124
1733148647945 62.280295610427856 125
1733148748788 61.983423709869385 126
1733148849730 61.980103492736816 127
1733148950649 61.96652317047119 128
1733149052090 62.095826864242554 129
1733149153095 62.143874168395996 130
1733149254227 62.18108415603638 131
1733149355338 62.1763699054718 132
1733149456651 62.24306130409241 133
1733149558019 62.13461923599243 134
1733149659365 62.12694811820984 135
1733149760613 62.11695122718811 136
1733149862084 62.150723457336426 137
1733149963337 62.28398299217224 138
1733150064955 62.36633348464966 139
1733150166470 62.27116584777832 140
1733150267956 62.32444381713867 141
1733150369752 62.43243455886841 142
1733150471257 62.29720330238342 143
1733150572815 62.36928200721741 144
1733150673822 62.101378202438354 145
1733150775220 62.184810400009155 146
1733150876535 62.24307465553284 147
1733150977640 62.232776403427124 148
1733151078832 62.2323694229126 149
1733151179693 61.9576096534729 150
1733151280473 61.90616178512573 151
1733151381425 61.92131280899048 152
1733151482879 62.169538736343384 153
1733151584021 62.15374302864075 154
1733151684835 62.00322723388672 155
1733151785631 61.95702505111694 156
1733151886818 61.97319149971008 157
1733151988073 62.281944036483765 158
1733152089064 62.012202978134155 159
1733152190090 62.07880091667175 160
1733152290946 61.97957491874695 161
1733152392155 62.040071964263916 162
1733152493232 61.9906325340271 163
1733152594642 62.2612361907959 164
1733152695715 61.97419786453247 165
1733152797022 62.246607303619385 166
1733152897877 61.9324369430542 167
1733152998784 62.001086950302124 168
1733153099681 61.89314079284668 169
1733153200498 61.87807488441467 170
1733153301727 62.1267294883728 171
1733153402570 61.860835552215576 172
1733153503274 61.84907817840576 173
1733153604060 61.857524156570435 174
1733153704780 61.93278646469116 175
1733153805532 61.929967403411865 176
1733153906500 62.047396659851074 177
1733154007305 61.91553235054016 178
1733154108121 61.898279905319214 179
1733154208702 61.86207127571106 180
1733154309676 62.07561635971069 181
1733154410359 61.89883828163147 182
