1733136127671 47.366 1
1733136228672 43.401999999999994 2
1733136329283 36.065999999999995 3
1733136430225 26.158 4
1733136531166 25.885999999999996 5
1733136631891 26.584000000000003 6
1733136732778 24.58399999999999 7
1733136833661 23.287999999999997 8
1733136934804 20.506 9
1733137035908 20.14 10
1733137136918 20.965999999999994 11
1733137237899 21.206000000000003 12
1733137338760 18.233999999999995 13
1733137439905 18.208 14
1733137540983 19.11 15
1733137642070 20.811999999999998 16
1733137743646 22.769999999999996 17
1733137844720 21.88799999999999 18
1733137945568 16.227999999999994 19
1733138046380 16.50399999999999 20
1733138147192 20.635999999999996 21
1733138248329 20.232 22
1733138349671 16.098 23
1733138450867 16.573999999999998 24
1733138552181 13.75 25
1733138653201 15.112000000000009 26
1733138754118 21.709999999999994 27
1733138855145 15.152000000000001 28
1733138956360 17.608000000000004 29
1733139057654 19.504000000000005 30
1733139158574 14.341999999999999 31
1733139259712 17.040000000000006 32
1733139361209 13.13600000000001 33
1733139462414 16.35799999999999 34
1733139563663 16.105999999999995 35
1733139664725 12.670000000000002 36
1733139765676 14.251999999999995 37
1733139866539 15.222000000000008 38
1733139967462 17.458 39
1733140068460 11.917999999999992 40
1733140169391 15.100000000000009 41
1733140270492 13.658000000000001 42
1733140371541 15.897999999999996 43
1733140472409 13.561999999999998 44
1733140573260 14.646 45
1733140673880 16.403999999999996 46
1733140774747 12.251999999999995 47
1733140875554 13.834000000000003 48
1733140976132 13.116 49
1733141077136 13.644000000000005 50
1733141178035 13.786000000000001 51
1733141278821 12.205999999999989 52
1733141379760 16.098 53
1733141481636 11.823999999999998 54
1733141582990 13.355999999999995 55
1733141683899 12.852000000000004 56
1733141784560 11.963999999999999 57
1733141885292 13.468000000000004 58
1733141986225 15.677999999999997 59
1733142086707 13.055999999999997 60
1733142187333 13.811999999999998 61
1733142287947 14.62400000000001 62
1733142388580 18.257999999999996 63
1733142489174 14.939999999999998 64
1733142590076 14.829999999999998 65
1733142690942 13.680000000000007 66
1733142791785 12.114000000000004 67
1733142892517 17.89 68
1733142993175 11.472000000000008 69
1733143093936 13.438000000000002 70
1733143194569 12.811999999999998 71
1733143295375 12.927999999999997 72
1733143396306 12.441999999999993 73
1733143497058 15.620000000000005 74
1733143597899 13.732 75
1733143698686 12.114000000000004 76
1733143799360 14.823999999999998 77
1733143900193 14.055999999999997 78
1733144000932 14.543999999999997 79
1733144102029 13.078000000000003 80
1733144203210 11.432000000000002 81
1733144304523 10.658000000000001 82
1733144405784 13.123999999999995 83
1733144506717 12.870000000000005 84
1733144607904 14.093999999999994 85
1733144709071 13.051999999999992 86
1733144810102 11.790000000000006 87
1733144911174 15.072000000000003 88
1733145012391 14.116 89
1733145113605 11.724000000000004 90
1733145214600 13.792000000000002 91
1733145315754 6.662000000000006 92
1733145417049 6.02000000000001 93
1733145517827 5.7479999999999905 94
1733145618583 5.603999999999999 95
1733145719333 5.35799999999999 96
1733145820003 4.990000000000009 97
1733145921107 4.787999999999997 98
1733146022005 4.921999999999997 99
1733146122980 4.665999999999997 100
1733146224047 4.406000000000006 101
1733146325433 4.312000000000012 102
1733146426654 4.146000000000001 103
1733146527592 4.097999999999999 104
1733146628398 4.043999999999997 105
1733146729060 3.9339999999999975 106
1733146829711 3.930000000000007 107
1733146930686 4.006 108
1733147031412 3.8699999999999903 109
1733147132840 3.665999999999997 110
1733147233835 3.475999999999999 111
1733147334802 3.6259999999999906 112
1733147435791 3.469999999999999 113
1733147536774 3.337999999999994 114
1733147638117 3.402000000000001 115
1733147739167 3.299999999999997 116
1733147840038 3.2420000000000044 117
1733147940978 3.332000000000008 118
1733148041819 3.093999999999994 119
1733148142727 2.7920000000000016 120
1733148243708 3.122 121
1733148344589 3.088000000000008 122
1733148445479 3.0379999999999967 123
1733148546812 2.8299999999999983 124
1733148647962 2.8020000000000067 125
1733148748811 2.932000000000002 126
1733148849748 2.932000000000002 127
1733148950666 3.0819999999999936 128
1733149052110 2.641999999999996 129
1733149153113 2.6259999999999906 130
1733149254244 2.9240000000000066 131
1733149355356 2.7319999999999993 132
1733149456681 2.7039999999999935 133
1733149558036 2.7460000000000093 134
1733149659382 2.456000000000003 135
1733149760632 2.3460000000000036 136
1733149862101 1.8419999999999987 137
1733149963356 1.8319999999999936 138
1733150064974 1.7199999999999989 139
1733150166487 1.6299999999999955 140
1733150267973 1.5919999999999987 141
1733150369769 1.5679999999999978 142
1733150471281 1.543999999999997 143
1733150572835 1.4620000000000033 144
1733150673838 1.4620000000000033 145
1733150775237 1.490000000000009 146
1733150876554 1.456000000000003 147
1733150977659 1.5020000000000095 148
1733151078849 1.475999999999999 149
1733151179713 1.3840000000000003 150
1733151280490 1.3539999999999992 151
1733151381441 1.4499999999999886 152
1733151482896 1.421999999999997 153
1733151584038 1.4279999999999973 154
1733151684852 1.3460000000000036 155
1733151785648 1.3359999999999985 156
1733151886835 1.358000000000004 157
1733151988090 1.3680000000000092 158
1733152089083 1.2680000000000007 159
1733152190117 1.2519999999999953 160
1733152290967 1.2519999999999953 161
1733152392172 1.25 162
1733152493249 1.25 163
1733152594659 1.2399999999999949 164
1733152695732 1.2040000000000077 165
1733152797039 1.259999999999991 166
1733152897899 1.293999999999997 167
1733152998801 1.1480000000000103 168
1733153099699 1.1899999999999977 169
1733153200514 1.1440000000000055 170
1733153301744 1.1119999999999948 171
1733153402591 1.1800000000000068 172
1733153503293 1.2580000000000098 173
1733153604078 1.1440000000000055 174
1733153704801 1.152000000000001 175
1733153805551 1.1280000000000001 176
1733153906528 1.1219999999999999 177
1733154007321 1.108000000000004 178
1733154108139 1.0900000000000034 179
1733154208721 1.073999999999998 180
1733154309698 1.1340000000000003 181
1733154410377 1.0619999999999976 182
