1733136127662 1.5797244716262817 1
1733136228664 1.0511440871810913 2
1733136329274 0.8452131147575378 3
1733136430218 0.7395538484573364 4
1733136531159 0.6701206086921692 5
1733136631883 0.6164151375770569 6
1733136732770 0.5831040777206421 7
1733136833653 0.5598081178283691 8
1733136934796 0.5334331333732605 9
1733137035898 0.5189022711753846 10
1733137136907 0.5070980758571625 11
1733137237891 0.49307922803878784 12
1733137338750 0.47948829305648805 13
1733137439895 0.47575965269088744 14
1733137540974 0.46056638896942137 15
1733137642054 0.45968378608703614 16
1733137743638 0.4486494633293152 17
1733137844709 0.443201143951416 18
1733137945561 0.433544927406311 19
1733138046371 0.4300122077560425 20
1733138147185 0.4289986379051208 21
1733138248321 0.42389811631202695 22
1733138349664 0.4173149996948242 23
1733138450859 0.4123572371006012 24
1733138552174 0.41325423175811765 25
1733138653185 0.4044155986595154 26
1733138754110 0.39886796872138974 27
1733138855137 0.4005994209480286 28
1733138956352 0.39658357456207277 29
1733139057646 0.3904686295032501 30
1733139158567 0.3883654952430725 31
1733139259705 0.3862558774185181 32
1733139361199 0.38635767797470094 33
1733139462405 0.3855763669013977 34
1733139563653 0.37853771642684936 35
1733139664711 0.3776806838798523 36
1733139765669 0.3802722873497009 37
1733139866529 0.37786111986160276 38
1733139967455 0.3787632465553284 39
1733140068452 0.3728780710220337 40
1733140169383 0.3783656426811218 41
1733140270482 0.3695201480960846 42
1733140371532 0.3739890126800537 43
1733140472399 0.3608084969139099 44
1733140573250 0.3643279202365875 45
1733140673866 0.3640793127632141 46
1733140774739 0.36416351428985594 47
1733140875546 0.3617041728115082 48
1733140976124 0.36279613132476807 49
1733141077127 0.3601864350891113 50
1733141178027 0.3509146422576904 51
1733141278811 0.35763288791656495 52
1733141379752 0.35847244612693785 53
1733141481627 0.35232554025650026 54
1733141582983 0.3513895197868347 55
1733141683884 0.3550392475414276 56
1733141784552 0.35576299934387207 57
1733141885283 0.3548800763130188 58
1733141986216 0.3511935999965668 59
1733142086698 0.35008878538131716 60
1733142187324 0.34597938406944273 61
1733142287939 0.3515837222003937 62
1733142388572 0.34458363874435427 63
1733142489167 0.3459701342201233 64
1733142590067 0.34836252283096314 65
1733142690924 0.3465787305641174 66
1733142791777 0.352039933719635 67
1733142892509 0.34671673416137694 68
1733142993166 0.3420148019504547 69
1733143093928 0.34332087492465974 70
1733143194559 0.3446298560523987 71
1733143295367 0.34323390927314756 72
1733143396296 0.3468139093112946 73
1733143497051 0.3401362683582306 74
1733143597891 0.34477909304618837 75
1733143698679 0.34329190519332886 76
1733143799350 0.3381413492679596 77
1733143900183 0.34229484857559206 78
1733144000914 0.3458886794567108 79
1733144102022 0.33831370517730713 80
1733144203202 0.33965730253219606 81
1733144304515 0.33774485458374026 82
1733144405777 0.33945414742469787 83
1733144506707 0.3369552135658264 84
1733144607896 0.34106351148605346 85
1733144709063 0.3379902616977692 86
1733144810094 0.3402255426311493 87
1733144911166 0.33787261878013614 88
1733145012377 0.3406079729557037 89
1733145113597 0.3345913490772247 90
1733145214591 0.3351921511554718 91
1733145315744 0.24008421885490416 92
1733145417041 0.20489436719417572 93
1733145517819 0.19143759580612182 94
1733145618575 0.18580148768424987 95
1733145719323 0.1780021924328804 96
1733145819995 0.16977521297931672 97
1733145921098 0.16590584000587463 98
1733146021996 0.15804153410196303 99
1733146122970 0.15703559895038605 100
1733146224037 0.15311775791168214 101
1733146325426 0.1483672045612335 102
1733146426646 0.1456343310546875 103
1733146527583 0.14213279044628144 104
1733146628388 0.1369480847096443 105
1733146729052 0.13454757381916047 106
1733146829702 0.1333628625869751 107
1733146930679 0.12945644930124284 108
1733147031399 0.12767024978637695 109
1733147132831 0.12633520870923995 110
1733147233826 0.12548224131584168 111
1733147334794 0.12118850982904435 112
1733147435783 0.11826840836286545 113
1733147536767 0.11792739346027374 114
1733147638108 0.11470067622184753 115
1733147739159 0.11680496961593628 116
1733147840030 0.11041053068637847 117
1733147940971 0.11490360072135926 118
1733148041812 0.1108079939842224 119
1733148142719 0.1076282855272293 120
1733148243699 0.1035980859041214 121
1733148344581 0.1053393341934681 122
1733148445470 0.10493667606592179 123
1733148546803 0.10254202166080476 124
1733148647954 0.09868021288156509 125
1733148748797 0.10144265904784203 126
1733148849740 0.09988559386730195 127
1733148950659 0.09916907186508178 128
1733149052101 0.09683677900791168 129
1733149153104 0.09949194925785065 130
1733149254237 0.09279005825042724 131
1733149355348 0.09476608423471451 132
1733149456670 0.0916837635755539 133
1733149558028 0.09009305393218994 134
1733149659374 0.09136604749679565 135
1733149760623 0.09302774743556977 136
1733149862093 0.07617103848457336 137
1733149963346 0.07142995839595795 138
1733150064965 0.06976930815696716 139
1733150166479 0.06491845831871032 140
1733150267965 0.06583965853214264 141
1733150369761 0.06373208212137223 142
1733150471266 0.06298595067977905 143
1733150572825 0.05914531017303467 144
1733150673831 0.06249712032318115 145
1733150775228 0.06152480156779289 146
1733150876546 0.062187661097049714 147
1733150977651 0.060699855937957764 148
1733151078841 0.05822077012062073 149
1733151179705 0.058784943158626556 150
1733151280482 0.05807687751054764 151
1733151381433 0.057493172562122344 152
1733151482888 0.057851222836971285 153
1733151584030 0.05758814096689224 154
1733151684845 0.05558998348236084 155
1733151785640 0.05791115168094635 156
1733151886827 0.05487943709641695 157
1733151988082 0.05348357345342636 158
1733152089074 0.055775226113796234 159
1733152190100 0.054069377195835114 160
1733152290957 0.05282785924553871 161
1733152392165 0.05435187656998634 162
1733152493241 0.05463330533146858 163
1733152594651 0.05527115862607956 164
1733152695724 0.0544267346572876 165
1733152797031 0.054041032662391665 166
1733152897891 0.050489839658737184 167
1733152998793 0.05183685119509697 168
1733153099690 0.05302990320384503 169
1733153200507 0.050593312721848485 170
1733153301736 0.051941902829408644 171
1733153402581 0.05107711540699005 172
1733153503285 0.0512258646440506 173
1733153604069 0.05174630827903748 174
1733153704791 0.049031503340005875 175
1733153805541 0.051163949276208875 176
1733153906510 0.05076750126361847 177
1733154007314 0.0498736191868782 178
1733154108131 0.04740166838645935 179
1733154208712 0.05076077657938004 180
1733154309687 0.04929318803548813 181
1733154410369 0.05000243667721748 182
